name,artists,year,popularity,duration_ms,acousticness,danceability,energy,instrumentalness,liveness,loudness,speechiness,tempo,valence,mode,key,explicit
Every Breath You Take,['The Police'],1983,83,253920,0.543,0.82,0.452,0.00294,0.0714,-9.796,0.0348,117.401,0.74,1,1,0
Take on Me,['a-ha'],1985,83,225280,0.018,0.573,0.902,0.00125,0.0928,-7.638,0.054,84.412,0.876,0,6,0
Africa,['TOTO'],1982,83,295893,0.257,0.671,0.373,7.95e-05,0.0481,-18.064,0.0323,92.717,0.732,1,9,0
Livin' On A Prayer,['Bon Jovi'],1986,83,249293,0.0778,0.532,0.887,0.000214,0.294,-3.757,0.0335,122.511,0.795,1,0,0
Back In Black,['AC/DC'],1980,82,255493,0.011,0.31,0.7,0.00965,0.0828,-5.678,0.047,188.386,0.763,1,9,0
Summer Of '69,['Bryan Adams'],1984,81,216053,0.0183,0.508,0.834,0.0,0.0732,-6.205,0.0386,139.131,0.774,1,2,0
Everybody Wants To Rule The World,['Tears For Fears'],1985,81,251489,0.347,0.645,0.795,0.00389,0.104,-12.095,0.0527,112.067,0.535,1,7,0
Billie Jean,['Michael Jackson'],1982,81,293827,0.0236,0.92,0.654,0.0158,0.0359,-3.051,0.0401,117.046,0.847,0,11,0
Sweet Dreams (Are Made of This) - Remastered,"['Eurythmics', 'Annie Lennox', 'Dave Stewart']",1983,81,216933,0.225,0.692,0.711,0.0,0.12,-7.498,0.0317,125.135,0.875,0,0,0
I Wanna Dance with Somebody (Who Loves Me),['Whitney Houston'],1987,81,291293,0.207,0.709,0.824,0.000307,0.0888,-8.824,0.0453,118.814,0.867,1,1,0
You Give Love A Bad Name,['Bon Jovi'],1986,80,222707,0.0663,0.541,0.96,2.25e-06,0.344,-2.947,0.0505,122.803,0.812,0,0,0
I'm Still Standing,['Elton John'],1983,80,183440,0.356,0.504,0.904,0.121,0.14,-6.863,0.179,176.808,0.772,1,6,0
Don't Stop Believin',['Journey'],1981,80,250987,0.127,0.5,0.748,0.0,0.447,-9.072,0.0363,118.852,0.514,1,4,0
Free Fallin',['Tom Petty'],1989,79,256000,0.212,0.623,0.449,0.0,0.0613,-13.333,0.0253,84.383,0.572,1,5,0
Wake Me up Before You Go-Go,['Wham!'],1984,79,231333,0.272,0.62,0.574,0.0,0.0607,-11.893,0.0421,81.548,0.9,1,0,0
You Shook Me All Night Long,['AC/DC'],1980,79,210173,0.00287,0.532,0.767,0.000513,0.39,-5.509,0.0574,127.361,0.755,1,7,0
With Or Without You - Remastered,['U2'],1987,79,295516,0.000202,0.54,0.429,0.355,0.141,-11.822,0.0285,110.171,0.113,1,2,0
Walking On Sunshine,['Katrina & The Waves'],1985,78,238733,0.0116,0.596,0.869,0.173,0.0678,-11.97,0.037,109.902,0.944,1,10,0
Fast Car,['Tracy Chapman'],1988,78,296800,0.313,0.711,0.292,0.0,0.131,-15.523,0.037,103.951,0.194,0,4,0
Jump - 2015 Remaster,['Van Halen'],1984,78,241600,0.171,0.572,0.835,0.000376,0.0702,-6.219,0.0317,129.994,0.796,1,0,0
Break My Stride,['Matthew Wilder'],1983,78,184480,0.195,0.917,0.588,0.0,0.0914,-11.047,0.0607,110.077,0.828,1,10,0
Should I Stay or Should I Go - Remastered,['The Clash'],1982,78,188987,0.079,0.742,0.833,0.0,0.384,-6.463,0.115,113.375,0.816,1,2,0
You Make My Dreams (Come True),['Daryl Hall & John Oates'],1980,78,190627,0.234,0.75,0.501,0.112,0.0467,-12.151,0.0552,167.06,0.902,1,5,0
I Want to Know What Love Is - 1999 Remaster,['Foreigner'],1984,78,304787,0.193,0.477,0.471,1.76e-06,0.131,-10.036,0.0277,81.204,0.423,1,6,0
Could You Be Loved,['Bob Marley & The Wailers'],1980,78,237000,0.36,0.916,0.72,0.00016,0.0958,-8.548,0.1,103.312,0.76,1,0,0
You Can't Hurry Love - 2016 Remaster,['Phil Collins'],1982,77,175747,0.0261,0.62,0.936,0.0,0.0679,-4.593,0.0308,97.527,0.763,1,7,0
Girls Just Want to Have Fun,['Cyndi Lauper'],1983,77,238267,0.22,0.71,0.799,0.000602,0.349,-4.897,0.0328,120.372,0.725,1,6,0
Everywhere - 2017 Remaster,['Fleetwood Mac'],1987,77,226653,0.258,0.73,0.487,0.01,0.0852,-10.991,0.0303,114.965,0.731,1,4,0
Beat It - Single Version,['Michael Jackson'],1982,77,258040,0.0491,0.779,0.867,7.98e-06,0.197,-3.704,0.0457,138.858,0.915,0,3,0
Dancing In the Dark,['Bruce Springsteen'],1984,77,241307,0.0115,0.527,0.942,0.0,0.188,-5.64,0.0366,148.723,0.495,0,1,0
Uptown Girl,['Billy Joel'],1983,77,197707,0.0747,0.701,0.943,0.0,0.601,-2.986,0.0456,128.992,0.791,1,4,0
The Boys Of Summer,['Don Henley'],1984,77,288733,0.501,0.516,0.549,0.00572,0.184,-13.741,0.0373,176.941,0.907,1,6,0
Crazy Train,['Ozzy Osbourne'],1980,77,296200,0.361,0.453,0.906,0.000569,0.26,-4.001,0.115,137.575,0.473,1,9,0
Start Me Up - Remastered,['The Rolling Stones'],1981,77,213067,0.0436,0.631,0.932,0.137,0.0918,-4.142,0.0354,122.429,0.971,1,5,0
In The Air Tonight - 2015 Remastered,['Phil Collins'],1981,77,336453,0.551,0.446,0.239,4.1e-06,0.0697,-13.945,0.0316,189.507,0.298,1,0,0
I Still Haven't Found What I'm Looking For,['U2'],1987,76,277477,0.0135,0.564,0.774,0.00191,0.0861,-9.424,0.0368,100.894,0.657,1,1,0
Kickstart My Heart,['Mötley Crüe'],1989,76,282920,0.00169,0.361,0.97,0.00163,0.357,-4.817,0.284,179.017,0.254,0,7,0
We Built This City,['Starship'],1985,76,296080,0.052,0.661,0.908,0.0,0.0708,-4.897,0.039,144.091,0.656,1,5,0
Heaven,['Bryan Adams'],1984,76,243360,0.0465,0.382,0.589,0.0,0.122,-7.315,0.0267,140.059,0.335,0,9,0
You Can Call Me Al,['Paul Simon'],1986,76,280000,0.182,0.776,0.763,0.0065,0.077,-8.124,0.0535,128.433,0.82,1,5,0
Come On Eileen,['Dexys Midnight Runners'],1982,76,287307,0.664,0.45,0.656,3.02e-06,0.259,-7.049,0.0472,106.61,0.782,1,2,0
Born in the U.S.A.,['Bruce Springsteen'],1984,76,278680,0.000373,0.398,0.952,7.75e-05,0.1,-6.042,0.061,122.093,0.584,1,4,0
Eye of the Tiger,['Survivor'],1985,76,245640,0.132,0.817,0.599,0.000311,0.0873,-9.249,0.0328,108.873,0.548,0,0,0
Nothing's Gonna Stop Us Now,['Starship'],1987,76,270333,0.0298,0.643,0.801,0.0,0.0719,-4.921,0.0228,95.988,0.534,1,6,0
Ahora Te Puedes Marchar,['Luis Miguel'],1987,76,191973,0.148,0.78,0.877,2.36e-06,0.0627,-3.683,0.0427,133.263,0.909,0,6,0
9 to 5,['Dolly Parton'],1980,76,162467,0.416,0.554,0.783,1.54e-06,0.631,-5.852,0.0457,105.39,0.813,1,6,0
The Final Countdown,['Europe'],1986,75,310333,0.0628,0.536,0.844,0.00084,0.0608,-6.918,0.058,117.652,0.185,0,6,0
Don't You (Forget About Me),['Simple Minds'],1985,75,263040,0.168,0.66,0.816,0.0181,0.0608,-6.61,0.0299,111.346,0.678,1,2,0
La Incondicional,['Luis Miguel'],1988,75,257027,0.237,0.374,0.727,0.0,0.134,-4.352,0.0309,155.127,0.283,1,10,0
Smooth Criminal - 2012 Remaster,['Michael Jackson'],1987,75,257760,0.247,0.853,0.981,0.468,0.306,-3.947,0.0751,118.193,0.595,1,8,0
Right Here Waiting,['Richard Marx'],1989,75,264333,0.8,0.395,0.252,0.0,0.101,-13.589,0.0301,177.679,0.126,1,0,0
Purple Rain,['Prince'],1984,75,520787,0.0353,0.367,0.452,0.00228,0.689,-10.422,0.0307,113.066,0.189,1,10,0
Jack & Diane,['John Mellencamp'],1982,75,254493,0.0365,0.811,0.41,6.63e-06,0.0799,-8.214,0.0391,103.965,0.626,1,9,0
Faith - Remastered,['George Michael'],1987,75,193200,0.0094,0.887,0.48,3.58e-05,0.0662,-11.994,0.117,95.846,0.607,1,11,0
Listen To Your Heart,['Roxette'],1988,74,328093,0.108,0.539,0.583,0.0,0.111,-4.935,0.0275,86.063,0.337,0,1,0
The Lady In Red,['Chris de Burgh'],1986,74,256173,0.332,0.548,0.294,3.34e-06,0.0392,-17.112,0.0333,76.698,0.491,1,10,0
Ace of Spades,['Motörhead'],1980,74,165907,0.00242,0.317,0.981,0.00677,0.0852,-7.102,0.174,140.079,0.234,1,6,0
Sweet Child O' Mine,"[""Guns N' Roses""]",1987,74,356067,0.0901,0.446,0.952,0.0857,0.112,-5.321,0.0523,125.303,0.624,1,6,0
Sharp Dressed Man - 2008 Remaster,['ZZ Top'],1983,74,258027,0.000359,0.601,0.859,0.00124,0.0871,-5.263,0.0276,125.145,0.446,1,5,0
Pour Some Sugar On Me - Remastered 2017,['Def Leppard'],1987,74,267307,0.00211,0.267,0.953,0.0,0.283,-4.899,0.096,84.989,0.568,0,1,0
We Didn't Start the Fire,['Billy Joel'],1989,74,287733,0.0771,0.712,0.967,0.0,0.356,-5.206,0.047,145.024,0.895,1,7,0
I Won't Back Down,['Tom Petty'],1989,74,178360,0.0504,0.765,0.476,2.76e-06,0.165,-13.487,0.0329,114.02,0.965,1,7,0
I'm On Fire,['Bruce Springsteen'],1984,74,155880,0.589,0.62,0.446,0.0299,0.0727,-14.451,0.0347,88.591,0.868,0,1,0
Maniac,['Michael Sembello'],1983,74,244707,0.0891,0.617,0.533,4.04e-06,0.0415,-11.516,0.0651,158.86,0.835,0,3,0
Wanted Dead Or Alive,['Bon Jovi'],1986,74,308667,0.13,0.252,0.802,0.0146,0.309,-3.976,0.0391,150.056,0.253,1,7,0
Maneater,['Daryl Hall & John Oates'],1982,74,273173,0.0406,0.723,0.499,9.44e-05,0.0761,-13.082,0.0421,88.825,0.828,0,11,0
Panama - 2015 Remaster,['Van Halen'],1984,74,210227,0.00124,0.527,0.978,4.75e-05,0.0744,-5.436,0.109,141.169,0.463,1,8,0
Can't Fight This Feeling,['REO Speedwagon'],1984,74,294773,0.155,0.408,0.48,1.82e-05,0.0877,-11.017,0.0266,156.344,0.19,1,9,0
Another Day in Paradise - 2016 Remaster,['Phil Collins'],1989,74,322133,0.736,0.78,0.565,0.00269,0.063,-7.32,0.0306,101.967,0.365,0,3,0
Don't You Want Me,['The Human League'],1981,74,236920,0.184,0.731,0.738,0.0,0.214,-8.125,0.0377,117.656,0.958,0,9,0
99 Luftballons,['Nena'],1983,74,232467,0.103,0.575,0.555,1.3e-06,0.111,-7.495,0.0453,95.361,0.504,1,4,0
Where Is My Mind?,['Pixies'],1988,74,236973,0.0157,0.518,0.436,0.000621,0.079,-14.134,0.0349,80.88,0.27,1,4,0
Redemption Song,['Bob Marley & The Wailers'],1980,73,233560,0.608,0.671,0.256,0.0,0.0737,-10.743,0.0387,115.871,0.694,1,7,0
Rebel Yell,['Billy Idol'],1983,73,288533,0.000753,0.53,0.864,0.000459,0.354,-4.948,0.061,166.312,0.484,0,4,0
Culpable O No - Miénteme Como Siempre,['Luis Miguel'],1988,73,237240,0.0367,0.54,0.367,0.0,0.0433,-14.238,0.0277,70.276,0.252,1,0,0
Karma Chameleon - Remastered,['Culture Club'],1983,73,252773,0.225,0.668,0.73,0.0,0.188,-7.182,0.0366,92.049,0.894,1,10,0
Eye of the Tiger,['Survivor'],1982,73,243773,0.216,0.815,0.438,0.000466,0.0787,-14.522,0.0346,108.965,0.552,0,0,0
Fuck Tha Police,['N.W.A.'],1988,73,345717,0.0193,0.859,0.75,0.0,0.0538,-8.325,0.303,98.691,0.857,0,8,1
Every Little Thing She Does Is Magic,['The Police'],1981,73,260573,0.121,0.558,0.768,0.0626,0.124,-9.997,0.0343,81.909,0.429,1,2,0
Buffalo Soldier,['Bob Marley & The Wailers'],1983,73,255840,0.142,0.929,0.463,5.26e-06,0.0634,-8.651,0.308,124.084,0.757,1,9,0
We're Not Gonna Take It,['Twisted Sister'],1984,73,219667,0.0127,0.502,0.924,0.0,0.162,-6.299,0.0503,149.186,0.922,1,4,0
Alone,['Heart'],1987,73,218733,0.638,0.418,0.452,0.00026,0.0959,-13.099,0.0356,175.088,0.168,1,1,0
The Way You Make Me Feel - 2012 Remaster,['Michael Jackson'],1987,73,298120,0.0544,0.877,0.854,5.5e-05,0.144,-4.523,0.147,114.472,0.54,1,1,0
You're the Inspiration - 2006 Remaster,['Chicago'],1984,73,229240,0.368,0.583,0.602,0.0,0.22,-6.364,0.0274,74.008,0.388,1,11,0
Time After Time,['Cyndi Lauper'],1983,73,241333,0.487,0.726,0.449,1.34e-06,0.0824,-9.206,0.0286,130.388,0.294,1,0,0
There Is a Light That Never Goes Out - 2011 Remaster,['The Smiths'],1986,73,244587,0.04,0.523,0.769,0.0,0.136,-5.855,0.0269,136.162,0.876,1,4,0
Kiss,['Prince'],1986,73,226240,0.0135,0.898,0.271,0.00138,0.0461,-12.238,0.091,111.485,0.742,1,7,0
I Love Rock 'N Roll,['Joan Jett & The Blackhearts'],1981,73,175173,0.326,0.535,0.716,0.0,0.659,-5.025,0.0431,94.379,0.901,1,4,0
Let's Groove,"['Earth, Wind & Fire']",1981,73,339320,0.121,0.869,0.648,2.17e-05,0.126,-8.698,0.0633,125.035,0.9,0,11,0
Sacrifice,['Elton John'],1989,73,304133,0.0165,0.756,0.422,0.00183,0.0368,-12.967,0.0292,112.751,0.487,0,11,0
Another One Bites The Dust - Remastered 2011,['Queen'],1980,73,214653,0.112,0.933,0.528,0.329,0.163,-6.472,0.162,109.975,0.756,0,5,0
Forever Young,['Alphaville'],1984,73,226706,0.42,0.489,0.483,0.0028,0.236,-9.466,0.0275,136.822,0.333,0,9,0
Paradise City,"[""Guns N' Roses""]",1987,72,405600,0.0192,0.268,0.98,0.00709,0.182,-5.958,0.103,100.315,0.395,1,11,0
Any Way You Want It,['Journey'],1980,72,201693,0.00251,0.529,0.932,0.00109,0.136,-7.501,0.0488,138.158,0.571,1,7,0
Under Pressure - Remastered,"['Queen', 'David Bowie']",1982,72,248440,0.422,0.671,0.711,0.0,0.104,-7.813,0.0478,113.809,0.466,1,2,0
Hungry Like the Wolf - 2009 Remaster,['Duran Duran'],1982,72,220627,0.0433,0.691,0.812,1.16e-06,0.299,-7.772,0.0558,127.568,0.685,1,0,0
Rock the Casbah - Remastered,['The Clash'],1982,72,222427,0.287,0.796,0.872,0.0,0.284,-6.722,0.0573,129.894,0.866,0,9,0
If You Don't Know Me by Now - 2008 Remaster,['Simply Red'],1989,72,204000,0.492,0.638,0.352,0.0,0.105,-9.266,0.0268,94.173,0.204,1,10,0
Shoot to Thrill,['AC/DC'],1980,72,317427,0.000239,0.457,0.904,0.0879,0.396,-5.303,0.0747,141.038,0.48,1,2,0
Ramblin' Man,['The Allman Brothers Band'],1989,72,288507,0.462,0.349,0.692,0.00266,0.197,-11.691,0.0338,179.396,0.952,1,1,0
How Will I Know,['Whitney Houston'],1985,72,275533,0.201,0.832,0.544,0.000139,0.632,-12.697,0.0442,119.49,0.928,1,6,0
Baby Can I Hold You,['Tracy Chapman'],1988,72,193120,0.0811,0.692,0.422,0.0,0.0848,-10.533,0.0333,74.375,0.468,1,2,0
Sexual Healing,['Marvin Gaye'],1982,72,238600,0.119,0.805,0.601,0.000129,0.0581,-9.7,0.0579,94.382,0.746,0,0,0
Welcome To The Jungle,"[""Guns N' Roses""]",1987,72,273480,0.0195,0.453,0.987,0.283,0.268,-4.485,0.0889,123.544,0.316,1,8,0
Centerfold,['The J. Geils Band'],1981,72,216533,0.249,0.653,0.677,0.0,0.403,-12.244,0.0396,114.37,0.888,1,0,0
Rosanna,['TOTO'],1982,72,331200,0.0213,0.384,0.512,0.000139,0.205,-13.035,0.0358,78.442,0.739,0,7,0
Little Lies - 2017 Remaster,['Fleetwood Mac'],1987,72,221053,0.216,0.64,0.649,8.3e-05,0.0551,-10.345,0.0264,124.825,0.865,1,2,0
Don't Dream It's Over,['Crowded House'],1986,72,236933,0.0148,0.439,0.422,4.84e-05,0.0697,-17.227,0.0409,81.833,0.551,1,8,0
You Spin Me Round (Like a Record),['Dead Or Alive'],1985,72,199667,0.0308,0.567,0.943,0.0966,0.544,-7.992,0.0387,128.207,0.965,0,6,0
Your Love,['The Outfield'],1985,72,216467,0.121,0.579,0.654,3.62e-06,0.0673,-12.421,0.0553,129.537,0.616,0,1,0
"Footloose - From ""Footloose"" Soundtrack",['Kenny Loggins'],1984,72,226827,0.0984,0.583,0.905,0.00019,0.0593,-6.132,0.0733,173.982,0.646,1,2,0
Sunday Bloody Sunday - Remastered 2008,['U2'],1983,72,279440,0.402,0.543,0.944,0.000564,0.0373,-7.495,0.0543,101.174,0.735,1,6,0
Hells Bells,['AC/DC'],1980,72,312293,0.00532,0.389,0.873,0.0055,0.273,-4.768,0.0475,106.767,0.303,0,4,0
If I Could Turn Back Time,['Cher'],1989,72,239827,0.243,0.658,0.575,0.0,0.122,-10.365,0.0267,108.329,0.504,1,11,0
Vasos Vacíos - Remasterizado 2008,['Los Fabulosos Cadillacs'],1988,72,279987,0.346,0.708,0.672,1.97e-05,0.382,-5.538,0.0352,134.635,0.963,1,7,0
Smalltown Boy,['Bronski Beat'],1984,72,302413,0.288,0.685,0.584,0.00918,0.124,-10.616,0.0276,134.546,0.939,0,5,0
Tom Sawyer,['Rush'],1981,72,276880,0.00145,0.536,0.901,0.0186,0.06,-7.211,0.0374,87.559,0.666,1,9,0
Keep on Loving You,['REO Speedwagon'],1980,72,200293,0.0519,0.306,0.722,0.0,0.117,-5.963,0.034,174.732,0.41,1,0,0
This Charming Man - 2011 Remaster,['The Smiths'],1984,72,162920,0.00509,0.611,0.846,0.0,0.0784,-5.9,0.0436,103.912,0.751,1,11,0
Every Rose Has Its Thorn - Remastered 2003,['Poison'],1988,72,260173,0.16,0.533,0.637,1.12e-05,0.369,-5.571,0.0323,140.167,0.292,1,6,0
(I Just) Died In Your Arms,['Cutting Crew'],1986,72,280400,0.0158,0.625,0.726,0.000169,0.0625,-11.402,0.0444,124.945,0.507,0,11,0
Glory of Love,['Peter Cetera'],1986,72,258120,0.0778,0.518,0.585,2.43e-06,0.31,-8.485,0.0279,144.998,0.312,1,5,0
"Girls, Girls, Girls",['Mötley Crüe'],1987,71,270427,0.0296,0.6,0.931,7.1e-05,0.392,-4.647,0.0734,140.123,0.542,1,7,0
American Pie,['Don McLean'],1988,71,515867,0.6,0.526,0.509,0.0,0.144,-10.893,0.0628,138.318,0.497,1,7,0
Straight Outta Compton,['N.W.A.'],1988,71,258688,0.0461,0.834,0.878,0.0,0.334,-9.484,0.15,102.848,0.418,1,8,1
Bette Davis Eyes,['Kim Carnes'],1981,71,228000,0.0204,0.675,0.649,0.0,0.0959,-10.271,0.0319,116.624,0.596,1,5,0
"Holding Out for a Hero - From ""Footloose"" Soundtrack",['Bonnie Tyler'],1986,71,348333,0.0243,0.615,0.683,1.08e-05,0.0491,-15.29,0.04,150.057,0.896,0,9,0
Hurts So Good,['John Mellencamp'],1982,71,218960,0.042,0.785,0.737,0.000107,0.108,-5.306,0.0363,125.447,0.971,1,9,0
Devuélveme a mi chica,['Hombres G'],1985,71,194867,0.0031,0.603,0.843,0.0337,0.445,-7.597,0.0557,172.676,0.503,0,9,0
Te quiero,['Hombres G'],1985,71,225760,0.0029,0.736,0.711,0.000275,0.0948,-5.503,0.0352,112.309,0.719,1,2,0
Black Velvet,['Alannah Myles'],1989,71,287440,0.273,0.754,0.366,9.04e-05,0.106,-10.07,0.0312,91.147,0.469,1,8,0
Your Love,['The Outfield'],1985,71,221840,0.103,0.555,0.757,1.16e-06,0.0631,-7.868,0.0601,129.607,0.582,0,1,0
Shout,['Tears For Fears'],1985,71,393667,0.174,0.511,0.942,1.87e-05,0.139,-10.407,0.0429,97.909,0.498,1,0,0
She Drives Me Crazy,['Fine Young Cannibals'],1988,71,215773,0.193,0.799,0.687,0.000188,0.0307,-5.682,0.0431,108.804,0.965,1,2,0
La Muralla Verde,['Los Enanitos Verdes'],1986,71,161800,0.0653,0.724,0.856,1.85e-06,0.354,-6.119,0.0283,129.794,0.891,0,8,0
"Say You, Say Me",['Lionel Richie'],1986,71,241067,0.355,0.636,0.405,0.0,0.0804,-11.113,0.0287,128.068,0.257,1,8,0
Jessie's Girl,['Rick Springfield'],1981,71,194120,0.164,0.727,0.832,0.0,0.105,-5.851,0.05,131.703,0.822,1,2,0
Englishman In New York,['Sting'],1987,71,267267,0.396,0.674,0.347,1.05e-05,0.0916,-17.707,0.0364,102.013,0.647,1,9,0
Gypsy,['Fleetwood Mac'],1988,71,264907,0.017,0.622,0.54,0.00771,0.265,-13.99,0.0261,130.879,0.847,1,5,0
Dude (Looks Like A Lady),['Aerosmith'],1987,71,265773,0.435,0.54,0.982,3.37e-05,0.0457,-2.962,0.0458,126.294,0.91,0,4,0
P.Y.T. (Pretty Young Thing),['Michael Jackson'],1982,71,238733,0.23,0.888,0.815,0.000424,0.127,-4.909,0.0404,127.273,0.961,0,11,0
Poison,['Alice Cooper'],1989,71,270080,0.0327,0.28,0.908,8.85e-06,0.18,-5.509,0.109,118.698,0.26,0,2,0
Addicted To Love,"['Robert Palmer', ""Eric 'ET' Thorngren""]",1985,71,363640,0.382,0.702,0.578,5.89e-06,0.0425,-13.415,0.031,111.617,0.975,1,2,0
Raspberry Beret,['Prince'],1985,71,215173,0.21,0.761,0.67,0.000426,0.0685,-12.759,0.0438,120.752,0.91,1,2,0
When Doves Cry,['Prince'],1984,71,352906,0.0102,0.729,0.989,4.45e-05,0.443,-4.613,0.049,126.47,0.84,0,9,0
Relax,['Frankie Goes To Hollywood'],1984,71,236800,0.326,0.676,0.695,1.09e-05,0.0462,-13.395,0.0392,114.93,0.691,0,11,0
You Shook Me All Night Long,['AC/DC'],1986,70,210880,0.00224,0.529,0.768,0.000685,0.297,-5.51,0.0566,127.316,0.769,1,7,0
Home Sweet Home,['Mötley Crüe'],1985,70,240933,0.0999,0.403,0.777,3.28e-06,0.124,-6.416,0.0354,76.329,0.149,1,5,0
Drive,['The Cars'],1984,70,234493,0.124,0.582,0.606,0.00139,0.151,-9.961,0.0289,111.441,0.504,1,6,0
Waiting for a Girl like You,['Foreigner'],1981,70,292067,0.31,0.33,0.469,2.3e-06,0.0402,-9.286,0.0335,201.327,0.433,0,10,0
Like a Virgin,['Madonna'],1984,70,218627,0.202,0.773,0.656,0.00323,0.0697,-10.88,0.0381,119.754,0.971,0,3,0
It's My Life - 1997 Remaster,['Talk Talk'],1984,70,232400,0.197,0.627,0.802,0.784,0.404,-8.432,0.0348,126.283,0.867,1,0,0
Missing You,['John Waite'],1984,70,269760,0.052,0.552,0.552,0.0,0.046,-9.736,0.0364,208.571,0.593,0,11,0
I Think We're Alone Now,['Tiffany'],1987,70,228840,0.025,0.752,0.723,0.00354,0.0212,-12.126,0.0507,130.519,0.94,1,7,0
Woman,['John Lennon'],1980,70,212933,0.378,0.588,0.656,0.00227,0.042,-6.373,0.0224,79.701,0.746,1,3,0
This Must Be the Place (Naive Melody) - 2005 Remaster,['Talking Heads'],1983,70,296147,0.331,0.942,0.641,0.179,0.028,-10.15,0.0333,114.443,0.966,1,7,0
White Wedding - Pt. 1,['Billy Idol'],1982,70,252200,0.0133,0.673,0.814,0.00293,0.343,-5.411,0.0367,147.193,0.728,1,9,0
I'm Gonna Be (500 Miles),['The Proclaimers'],1988,70,219467,0.151,0.851,0.551,0.0,0.0827,-5.177,0.0396,131.922,0.807,1,4,0
Carrie,['Europe'],1986,70,272133,0.113,0.457,0.487,2.37e-06,0.358,-7.112,0.0266,136.596,0.139,1,7,0
I'm So Excited,['The Pointer Sisters'],1982,70,230640,0.0962,0.59,0.868,0.000322,0.442,-5.832,0.048,184.348,0.798,0,5,0
Once in a Lifetime - 2005 Remaster,['Talking Heads'],1980,70,259907,0.181,0.644,0.919,0.134,0.622,-6.289,0.0561,117.459,0.871,1,2,0
Just the Two of Us (feat. Bill Withers),"['Grover Washington, Jr.', 'Bill Withers']",1985,70,237106,0.576,0.803,0.488,0.0609,0.0763,-9.303,0.0803,95.771,0.624,1,1,0
Heart Of Glass - Special Mix,['Blondie'],1981,70,275733,0.015,0.694,0.577,0.00836,0.0853,-14.63,0.0308,114.478,0.845,1,4,0
Never Too Much,['Luther Vandross'],1981,70,230467,0.125,0.734,0.583,0.0,0.0367,-11.866,0.129,109.935,0.76,1,2,0
Love Shack,"[""The B-52's""]",1989,70,321573,0.0325,0.715,0.817,1.61e-06,0.851,-6.227,0.0532,133.858,0.871,0,5,0
I Wanna Rock,['Twisted Sister'],1984,70,179760,0.00512,0.504,0.911,0.0123,0.355,-2.97,0.0738,106.244,0.671,1,2,0
Let's Dance - 2018 Remaster,['David Bowie'],1983,70,457676,0.0125,0.654,0.743,0.0272,0.153,-7.44,0.0605,114.846,0.632,0,10,0
Got My Mind Set On You - 2004 Mix,['George Harrison'],1987,70,234653,0.465,0.767,0.854,2.03e-06,0.485,-6.947,0.0426,149.206,0.963,1,4,0
Owner of a Lonely Heart,['Yes'],1983,70,268507,0.175,0.744,0.798,0.00367,0.26,-5.981,0.0364,125.061,0.89,1,7,0
It's Tricky,['Run–D.M.C.'],1986,70,183427,0.000844,0.956,0.72,0.0,0.0597,-13.476,0.137,127.872,0.961,0,11,0
Walk This Way (feat. Aerosmith),"['Run–D.M.C.', 'Aerosmith']",1986,70,309760,0.00796,0.759,0.578,8.18e-05,0.0605,-12.56,0.0468,105.598,0.944,0,6,0
How Soon Is Now? - 2011 Remaster,['The Smiths'],1984,70,408173,0.000854,0.398,0.93,0.121,0.0874,-6.76,0.0615,190.818,0.725,1,11,0
Self Control,['Laura Branigan'],1984,70,246440,0.219,0.814,0.686,0.00382,0.155,-12.172,0.0342,106.679,0.778,0,6,0
Open Arms,['Journey'],1981,70,202173,0.584,0.405,0.21,0.0,0.139,-13.214,0.0279,100.577,0.174,1,2,0
Kids In America,['Kim Wilde'],1981,69,205533,0.0953,0.557,0.782,6.75e-06,0.118,-3.899,0.0475,159.621,0.305,1,4,0
Blister In The Sun,['Violent Femmes'],1983,69,145707,0.316,0.726,0.537,0.0,0.0707,-8.896,0.113,96.91,0.887,1,0,0
It's The End Of The World As We Know It (And I Feel Fine),['R.E.M.'],1987,69,246933,0.0258,0.381,0.894,0.0,0.0251,-8.638,0.037,205.528,0.797,1,7,0
Islands In the Stream,"['Dolly Parton', 'Kenny Rogers']",1982,69,251960,0.675,0.618,0.412,1.04e-06,0.0886,-12.075,0.0368,203.933,0.74,1,8,0
One More Night - 2016 Remaster,['Phil Collins'],1985,69,288973,0.788,0.534,0.442,0.000351,0.0986,-9.442,0.0308,136.369,0.343,1,3,0
Cuando Pase El Temblor - Remasterizado 2007,['Soda Stereo'],1985,69,229160,0.0314,0.652,0.607,0.00285,0.0721,-8.657,0.0368,94.089,0.72,1,0,0
Don't Stand So Close To Me,['The Police'],1980,69,242667,0.0453,0.799,0.506,0.00107,0.0365,-9.414,0.0606,140.309,0.518,1,2,0
Hit Me With Your Best Shot,['Pat Benatar'],1980,69,171267,0.117,0.741,0.58,3.31e-05,0.212,-9.05,0.0304,127.402,0.944,1,4,0
Hard to Say I'm Sorry / Get Away - 2006 Remaster,['Chicago'],1982,69,304213,0.056,0.398,0.57,0.00125,0.0606,-7.068,0.034,140.974,0.234,1,4,0
18 and Life,['Skid Row'],1989,69,229960,0.0023,0.466,0.648,1.49e-05,0.112,-11.101,0.028,90.435,0.305,0,1,0
I Remember You,['Skid Row'],1989,69,313693,0.00642,0.345,0.531,7.28e-06,0.14,-12.708,0.0305,176.302,0.49,1,0,0
True Colors,['Cyndi Lauper'],1986,69,226067,0.792,0.386,0.145,0.000196,0.1,-16.94,0.0362,171.63,0.262,1,0,0
The Way It Is,"['Bruce Hornsby', 'The Range']",1986,69,297853,0.607,0.582,0.689,0.0571,0.145,-12.203,0.0277,111.166,0.531,1,7,0
Fight For Your Right,['Beastie Boys'],1986,69,208653,0.00757,0.503,0.858,0.00234,0.0803,-6.296,0.0657,133.615,0.419,1,8,0
Cum on Feel the Noize,['Quiet Riot'],1983,69,290960,0.00719,0.409,0.92,0.00105,0.0823,-5.439,0.12,145.085,0.37,0,11,0
Gimme All Your Lovin',['ZZ Top'],1983,69,241080,0.00322,0.63,0.788,0.0237,0.0883,-6.7,0.0298,120.059,0.63,1,5,0
The Look,['Roxette'],1988,69,237320,0.0531,0.634,0.838,8.34e-06,0.0522,-5.363,0.0413,95.011,0.541,1,2,0
Highwayman,"['The Highwaymen', 'Willie Nelson', 'Johnny Cash', 'Waylon Jennings', 'Kris Kristofferson']",1985,69,182653,0.48,0.67,0.351,0.0176,0.115,-16.842,0.0463,101.384,0.45,1,2,0
Modern Love - 2018 Remaster,['David Bowie'],1983,69,288339,0.00375,0.358,0.938,9.2e-06,0.117,-5.577,0.0483,182.836,0.944,1,0,0
Glory Days,['Bruce Springsteen'],1984,69,254733,0.0457,0.574,0.96,0.0,0.121,-4.906,0.032,117.486,0.978,1,9,0
Take Me Home Tonight,['Eddie Money'],1986,69,211160,0.101,0.608,0.768,1.41e-06,0.0942,-9.911,0.0364,132.699,0.748,1,1,0
Hungry Heart,['Bruce Springsteen'],1980,69,199453,0.0857,0.641,0.894,0.009,0.157,-7.41,0.0273,109.823,0.972,1,8,0
Arthur's Theme (Best That You Can Do),['Christopher Cross'],1981,69,234493,0.169,0.526,0.515,0.000816,0.181,-11.169,0.0389,136.543,0.518,1,9,0
We Are The World,['U.S.A. For Africa'],1985,69,427333,0.189,0.528,0.447,0.0,0.0745,-15.255,0.0435,72.58,0.292,1,4,0
Breaking the Law,['Judas Priest'],1980,69,153840,0.024,0.362,0.961,9.35e-06,0.159,-5.664,0.0857,164.019,0.491,1,2,0
Runaway,['Bon Jovi'],1984,69,230667,0.00375,0.475,0.899,1.91e-05,0.14,-4.321,0.0637,152.445,0.603,0,9,0
Song of the South,['Alabama'],1980,69,190800,0.176,0.486,0.633,0.0,0.312,-8.414,0.0365,162.158,0.669,1,9,0
Dr. Feelgood,['Mötley Crüe'],1989,69,290187,0.000837,0.53,0.952,0.0119,0.262,-5.105,0.0577,110.98,0.433,1,2,0
Trátame Suavemente - Remasterizado 2007,['Soda Stereo'],1984,69,200800,0.0438,0.738,0.801,0.0572,0.595,-3.366,0.0284,122.857,0.532,0,11,0
Epic,['Faith No More'],1989,69,293653,0.0222,0.358,0.893,0.0524,0.126,-7.486,0.12,174.238,0.262,0,4,0
How Am I Supposed to Live Without You,['Michael Bolton'],1989,69,255667,0.191,0.541,0.44,0.0,0.114,-12.206,0.031,140.273,0.232,1,10,0
You Got It,['Roy Orbison'],1989,69,210267,0.596,0.649,0.618,1.46e-06,0.192,-10.728,0.0265,114.688,0.667,1,9,0
Woman in Love,['Barbra Streisand'],1980,68,231840,0.248,0.469,0.278,0.000126,0.133,-16.311,0.028,169.735,0.331,0,3,0
The Girl From Ipanema,"['Stan Getz', 'João Gilberto', 'Astrud Gilberto']",1989,68,321827,0.909,0.664,0.194,3.85e-05,0.0829,-15.487,0.0357,129.863,0.443,0,5,0
Drive - 2017 Remaster,['The Cars'],1984,68,234332,0.115,0.261,0.703,0.00078,0.102,-7.871,0.0414,83.495,0.405,1,6,0
Super Freak,['Rick James'],1981,68,205467,0.22,0.838,0.794,0.0,0.0575,-8.245,0.0531,132.446,0.962,0,9,0
Brother Louie,['Modern Talking'],1986,68,222667,0.396,0.783,0.836,0.0236,0.135,-9.223,0.0486,108.966,0.831,0,0,0
Juke Box Hero,['Foreigner'],1981,68,259800,0.0828,0.357,0.653,0.0,0.0844,-5.554,0.0654,176.647,0.522,1,9,0
Dancing On The Ceiling,['Lionel Richie'],1986,68,270720,0.12,0.698,0.774,2.26e-06,0.394,-8.642,0.048,133.197,0.731,1,0,0
Tempo Perdido,['Legião Urbana'],1986,68,302200,0.0079,0.293,0.662,0.00112,0.271,-13.076,0.0486,186.007,0.221,0,4,0
Bad To The Bone,['George Thorogood & The Destroyers'],1982,68,292173,0.00614,0.459,0.727,0.0652,0.384,-11.777,0.0303,149.231,0.955,1,0,0
Don't Worry Be Happy,['Bobby McFerrin'],1988,68,294400,0.88,0.675,0.166,7.14e-05,0.0461,-22.602,0.171,68.837,0.747,1,11,0
I Hate Myself for Loving You,['Joan Jett & The Blackhearts'],1988,68,246800,0.0846,0.611,0.883,1.2e-06,0.192,-11.225,0.0539,117.928,0.604,1,9,0
Golden Brown,['The Stranglers'],1981,68,206760,0.143,0.562,0.383,0.124,0.138,-15.474,0.0304,93.764,0.599,1,6,0
Burnin' for You,['Blue Öyster Cult'],1981,68,271000,0.106,0.532,0.728,0.0108,0.0849,-9.079,0.0352,134.303,0.69,0,9,0
One (Remastered),['Metallica'],1988,68,446146,0.000668,0.438,0.687,0.0801,0.42,-9.15,0.0619,103.01,0.426,1,7,0
The Whole of the Moon - 2004 Remaster,['The Waterboys'],1985,68,302827,0.119,0.606,0.794,7.16e-06,0.125,-7.168,0.0291,105.813,0.584,1,0,0
Holding Back the Years - 2008 Remaster,['Simply Red'],1985,68,269840,0.58,0.707,0.514,0.000159,0.0953,-8.885,0.0281,86.035,0.524,0,9,0
I Guess That's Why They Call It The Blues,['Elton John'],1983,68,285333,0.217,0.673,0.663,0.017,0.177,-7.29,0.0269,120.634,0.671,1,0,0
Nikita,['Elton John'],1985,68,343240,0.123,0.632,0.656,0.000264,0.0735,-9.29,0.0277,86.605,0.752,1,7,0
Working for the Weekend,['Loverboy'],1981,68,221000,0.0249,0.515,0.766,0.00103,0.455,-12.768,0.0343,146.911,0.774,1,7,0
Bad Medicine,['Bon Jovi'],1988,68,316707,0.048,0.555,0.973,0.0,0.0853,-3.804,0.035,118.642,0.805,1,9,0
Simplemente Amigos,['Ana Gabriel'],1988,68,227600,0.432,0.531,0.514,0.0,0.155,-11.253,0.044,141.233,0.372,1,6,0
Hot for Teacher - 2015 Remaster,['Van Halen'],1984,68,282747,0.000652,0.551,0.947,0.000257,0.0637,-4.671,0.152,127.657,0.466,1,2,0
Talkin' Bout a Revolution,['Tracy Chapman'],1988,68,161600,0.329,0.561,0.732,0.000228,0.0755,-6.178,0.0281,118.975,0.671,1,7,0
Mother,['Danzig'],1988,68,204867,0.00726,0.365,0.763,0.000457,0.0865,-9.45,0.0591,148.366,0.342,0,11,1
End Of The Line,['Traveling Wilburys'],1988,68,209520,0.163,0.578,0.836,1.36e-06,0.0583,-6.607,0.0512,167.026,0.932,1,2,0
Fishin' in the Dark,['Nitty Gritty Dirt Band'],1987,68,202787,0.198,0.771,0.283,0.0,0.0888,-16.326,0.0444,77.756,0.906,1,2,0
Man in the Mirror - 2012 Remaster,['Michael Jackson'],1987,68,318680,0.52,0.808,0.812,7.91e-05,0.134,-5.012,0.0381,100.331,0.269,1,8,0
Bad - 2012 Remaster,['Michael Jackson'],1987,68,247360,0.00462,0.787,0.889,0.423,0.0665,-3.786,0.0397,114.091,0.394,1,8,0
La Isla Bonita,['Madonna'],1986,68,242320,0.302,0.725,0.612,1.63e-05,0.0548,-10.706,0.0372,99.978,0.965,0,1,0
Have I Told You Lately,['Van Morrison'],1989,68,260387,0.278,0.344,0.477,0.0128,0.136,-10.266,0.0338,143.78,0.182,1,4,0
Here Comes Your Man,['Pixies'],1989,68,201693,0.0475,0.669,0.783,0.0296,0.115,-12.302,0.0295,124.518,0.896,1,2,0
Faithfully,['Journey'],1983,68,267080,0.0979,0.202,0.644,0.0,0.109,-5.212,0.0324,85.04,0.252,1,11,0
Amarillo By Morning,['George Strait'],1982,68,173467,0.264,0.606,0.361,3.39e-05,0.38,-16.031,0.0346,121.059,0.621,1,9,0
1999,['Prince'],1982,68,379267,0.137,0.866,0.73,0.0,0.0843,-8.201,0.0767,118.523,0.625,1,5,0
I'll Be Over You,['TOTO'],1986,68,229880,0.062,0.516,0.277,0.0,0.258,-17.85,0.0256,82.168,0.412,1,10,0
Eye In The Sky,['The Alan Parsons Project'],1982,68,276280,0.562,0.823,0.417,0.00098,0.0765,-12.643,0.032,111.928,0.522,1,2,0
West End Girls - 2001 Remaster,['Pet Shop Boys'],1986,68,285733,0.00737,0.651,0.949,0.125,0.286,-6.566,0.0403,113.257,0.61,0,4,0
Boyz-N-The-Hood,['Eazy-E'],1987,68,339893,0.0417,0.785,0.479,3.5e-05,0.334,-10.247,0.362,87.691,0.727,1,3,1
Hysteria,['Def Leppard'],1987,68,354636,0.0318,0.659,0.846,0.0144,0.203,-5.508,0.0274,107.01,0.659,1,7,0
Never Gonna Give You Up,['Rick Astley'],1987,68,212827,0.135,0.727,0.939,4.35e-05,0.151,-11.855,0.0369,113.33,0.916,1,8,0
En algún lugar,['Duncan Dhu'],1987,68,235627,0.176,0.527,0.859,0.0866,0.157,-6.685,0.0687,74.214,0.443,1,7,0
Eyes Without A Face,['Billy Idol'],1983,67,299240,0.0177,0.391,0.815,0.00226,0.276,-6.197,0.0518,84.383,0.647,1,9,0
Push It,['Salt-N-Pepa'],1986,67,272133,0.00658,0.913,0.596,0.00349,0.078,-12.477,0.0707,127.215,0.973,0,11,0
Rock You Like A Hurricane,['Scorpions'],1984,67,252493,0.00543,0.482,0.617,0.000146,0.284,-12.931,0.0458,125.697,0.718,0,4,0
I'm Coming Out,['Diana Ross'],1980,67,323347,0.185,0.72,0.828,0.429,0.0839,-9.211,0.0462,110.071,0.768,1,5,0
All Out of Love,['Air Supply'],1980,67,243000,0.313,0.512,0.262,5.51e-06,0.456,-16.875,0.0276,108.381,0.357,1,0,0
La Puerta Negra,['Los Tigres Del Norte'],1989,67,203587,0.315,0.698,0.54,2.25e-06,0.288,-8.986,0.0331,108.101,0.969,1,4,0
We Belong,['Pat Benatar'],1984,67,221133,0.528,0.706,0.322,2.37e-06,0.576,-14.108,0.0467,135.154,0.305,1,5,0
Who Can It Be Now?,['Men At Work'],1981,67,201293,0.0627,0.805,0.479,0.000143,0.104,-14.734,0.0436,128.411,0.962,1,4,0
A Country Boy Can Survive,"['Hank Williams, Jr.']",1981,67,255000,0.144,0.688,0.459,0.0,0.0816,-9.353,0.0365,75.184,0.493,1,7,0
Hasta Que Te Conocí,['Juan Gabriel'],1986,67,433520,0.739,0.329,0.306,1.01e-06,0.0679,-10.25,0.0327,170.169,0.189,0,2,0
Guilty (feat. Barry Gibb),"['Barbra Streisand', 'Barry Gibb']",1980,67,264333,0.231,0.626,0.425,0.0,0.114,-15.656,0.0356,150.875,0.952,1,0,0
Viento,['Caifanes'],1988,67,236333,0.304,0.586,0.855,0.0,0.129,-5.947,0.0327,124.917,0.448,0,11,0
Hey,['Pixies'],1989,67,211440,0.000877,0.59,0.317,0.000867,0.0745,-15.014,0.0307,99.81,0.33,1,7,0
Separate Ways (Worlds Apart),['Journey'],1983,67,323707,0.0188,0.451,0.962,3.17e-06,0.277,-3.947,0.0734,131.435,0.377,1,0,0
Love My Way,['The Psychedelic Furs'],1982,67,213973,0.0048,0.637,0.85,0.000179,0.152,-5.054,0.0351,126.106,0.52,1,0,0
"Forever and Ever, Amen",['Randy Travis'],1987,67,212640,0.143,0.677,0.724,0.000101,0.158,-8.992,0.0245,90.392,0.697,1,2,0
No Sleep Till Brooklyn,['Beastie Boys'],1986,67,246933,0.122,0.712,0.691,0.0,0.0538,-8.157,0.128,97.022,0.742,1,8,0
El ataque de las chicas cocodrilo,['Hombres G'],1986,67,184360,0.0291,0.506,0.809,0.000234,0.0909,-5.754,0.0539,119.651,0.559,1,10,0
Limelight,['Rush'],1981,67,259840,0.00197,0.581,0.854,0.0013,0.111,-8.485,0.0428,131.18,0.788,0,1,0
Town Called Malice,['The Jam'],1982,67,173320,0.00228,0.542,0.91,0.00524,0.0686,-8.924,0.0873,101.774,0.775,1,7,0
Part-Time Lover,['Stevie Wonder'],1985,67,252560,0.165,0.662,0.624,0.0,0.0674,-13.606,0.0417,174.513,0.961,0,10,0
Nothing's Gonna Change My Love for You,['George Benson'],1985,67,242679,0.764,0.553,0.614,0.0,0.0811,-5.098,0.0306,136.628,0.345,1,1,0
Here I Go Again - 2018 Remaster,['Whitesnake'],1987,67,275395,0.0117,0.292,0.823,7.79e-05,0.155,-6.763,0.0407,89.939,0.244,1,7,0
Don't Leave Me This Way (with Sarah Jane Morris),"['The Communards', 'Sarah Jane Morris']",1986,67,271067,0.135,0.64,0.926,2.04e-06,0.134,-5.597,0.0322,131.997,0.901,1,3,0
Heat Of The Moment,['Asia'],1982,67,227627,0.315,0.323,0.839,0.000313,0.348,-7.35,0.0503,136.232,0.543,1,1,0
St. Elmos Fire (Man in Motion),['John Parr'],1985,67,251800,0.15,0.612,0.6,3.04e-06,0.222,-10.945,0.0327,111.203,0.471,1,9,0
It's Still Rock and Roll to Me,['Billy Joel'],1980,67,176440,0.0994,0.752,0.684,0.0,0.0897,-7.599,0.15,141.075,0.539,1,0,0
Take It On the Run,['REO Speedwagon'],1980,67,239680,0.0958,0.371,0.758,0.0,0.116,-5.679,0.036,77.81,0.452,1,7,0
Patience,"[""Guns N' Roses""]",1987,67,354880,0.686,0.457,0.297,0.000107,0.109,-12.511,0.0306,120.021,0.333,1,6,0
I'll Be There For You,['Bon Jovi'],1988,67,346587,0.0532,0.437,0.727,0.0,0.103,-5.432,0.0293,73.029,0.233,1,2,0
Sussudio - 2016 Remaster,['Phil Collins'],1985,67,263107,0.0529,0.714,0.935,0.0934,0.0515,-5.195,0.0849,121.232,0.725,1,5,0
Broken Wings,['Mr. Mister'],1985,67,343933,0.134,0.286,0.5,4.57e-05,0.108,-14.281,0.0357,99.162,0.443,0,1,0
Enola Gay - Remastered,['Orchestral Manoeuvres In The Dark'],1980,67,213693,0.00441,0.559,0.764,0.0299,0.0807,-7.058,0.0348,143.319,0.932,0,2,0
Master of Puppets (Remastered),['Metallica'],1986,67,515387,0.00067,0.539,0.828,0.421,0.154,-9.108,0.035,105.25,0.562,0,4,0
Fría Como El Viento,['Luis Miguel'],1988,66,235107,0.269,0.559,0.429,0.0,0.0306,-13.995,0.0289,131.88,0.3,0,0,0
Tell It to My Heart,['Taylor Dayne'],1988,66,220880,0.0302,0.638,0.988,1.16e-05,0.371,-5.042,0.0921,117.955,0.723,1,1,0
Jane Says,"[""Jane's Addiction""]",1988,66,287000,0.0385,0.402,0.597,2.09e-06,0.109,-9.258,0.0327,81.806,0.496,1,2,0
Crazy Little Thing Called Love - Remastered 2011,['Queen'],1980,66,163373,0.714,0.599,0.762,4.43e-06,0.35,-6.887,0.0423,76.961,0.715,1,0,0
Bigmouth Strikes Again - 2011 Remaster,['The Smiths'],1986,66,193320,0.0704,0.401,0.901,0.0,0.538,-5.011,0.041,134.799,0.839,0,1,0
Big in Japan,['Alphaville'],1984,66,286160,0.069,0.748,0.414,0.0671,0.336,-15.15,0.0405,97.646,0.239,0,2,0
Woman In Chains,"['Tears For Fears', 'Oleta Adams']",1989,66,391000,0.0232,0.434,0.609,0.00108,0.0557,-8.295,0.0306,159.994,0.372,1,5,0
Rockin' in the Free World,['Neil Young'],1989,66,281853,0.000736,0.491,0.883,3.19e-05,0.369,-4.986,0.0306,131.75,0.518,0,4,0
Beds Are Burning - Remastered,['Midnight Oil'],1987,66,255680,0.00787,0.753,0.427,0.00065,0.058,-11.112,0.0387,119.18,0.295,1,0,0
Celebration,['Kool & The Gang'],1980,66,298867,0.146,0.885,0.664,0.0506,0.0767,-11.806,0.0527,121.633,0.901,1,1,0
Alive And Kicking,['Simple Minds'],1985,66,289453,0.0753,0.572,0.913,1.5e-05,0.128,-4.26,0.0362,103.265,0.561,1,0,0
Persiana Americana - Remasterizado 2007,['Soda Stereo'],1986,66,292267,0.0121,0.603,0.929,0.00217,0.131,-4.549,0.0407,101.208,0.537,0,4,0
Me Cuesta Tanto Olvidarte,['Mecano'],1986,66,174947,0.923,0.496,0.229,0.0,0.155,-13.467,0.0367,149.176,0.498,1,9,0
Biggest Part of Me,['Ambrosia'],1980,66,324040,0.238,0.498,0.723,0.0,0.353,-8.053,0.05,153.227,0.882,1,10,0
Easy Lover,"['Philip Bailey', 'Phil Collins']",1984,66,305867,0.105,0.74,0.923,0.000163,0.0825,-5.082,0.0369,128.871,0.93,1,1,0
Forever Young - 2019 Remaster,['Alphaville'],1984,66,226000,0.4,0.483,0.471,0.000303,0.331,-9.711,0.0284,137.015,0.295,0,9,0
Miss You Like Crazy,['Natalie Cole'],1989,66,234280,0.633,0.596,0.546,0.00381,0.0707,-6.251,0.0267,131.123,0.255,1,2,0
The River,['Bruce Springsteen'],1980,66,301547,0.179,0.587,0.536,2.75e-05,0.305,-11.248,0.0304,117.498,0.59,1,7,0
Tainted Love,['Soft Cell'],1981,66,153840,0.558,0.542,0.45,6.43e-06,0.579,-9.931,0.0361,144.437,0.626,0,7,0
Valerie,['Steve Winwood'],1982,66,246667,0.567,0.717,0.527,0.00668,0.0785,-10.779,0.0292,116.288,0.731,1,9,0
Small Town,['John Mellencamp'],1985,66,221627,0.155,0.659,0.919,0.0054,0.312,-2.658,0.0333,123.135,0.631,1,11,0
Nothin' But A Good Time - Remastered 2006,['Poison'],1988,66,224867,0.0202,0.576,0.974,0.0,0.348,-2.785,0.0828,129.088,0.531,1,1,0
Sirius - Chicago Bulls Theme Song,['The Alan Parsons Project'],1982,66,115280,0.0647,0.624,0.396,0.909,0.113,-15.411,0.034,111.401,0.0388,1,4,0
Bizarre Love Triangle,['New Order'],1986,66,263213,0.0804,0.613,0.885,0.746,0.0997,-7.463,0.052,118.506,0.919,1,10,0
Pride and Joy,['Stevie Ray Vaughan'],1983,66,219587,0.0274,0.427,0.626,0.00395,0.106,-11.821,0.0385,126.877,0.743,1,8,0
Southern Cross - 2005 Remaster,"['Crosby, Stills & Nash']",1982,66,281000,0.476,0.669,0.446,3.04e-06,0.153,-11.125,0.0312,81.558,0.587,1,2,0
Shout At The Devil,['Mötley Crüe'],1983,66,195853,0.02,0.489,0.953,0.00021,0.113,-4.615,0.0858,94.443,0.447,1,0,0
Age of Consent - 2015 Remaster,['New Order'],1983,66,315333,0.00101,0.372,0.91,0.0944,0.13,-5.559,0.0392,161.964,0.756,1,2,0
Just like Heaven,['The Cure'],1987,66,212000,0.0271,0.43,0.971,2.16e-05,0.185,-3.845,0.0524,151.219,0.764,1,9,0
Graceland,['Paul Simon'],1986,66,291200,0.626,0.732,0.705,0.00068,0.0813,-9.271,0.0349,117.925,0.848,1,9,0
Sunday Bloody Sunday - Remastered 2008,['U2'],1983,66,279440,0.402,0.543,0.944,0.000564,0.0373,-7.495,0.0543,101.174,0.735,1,6,0
Tarzan Boy,['Baltimora'],1985,66,378947,0.318,0.684,0.573,0.028,0.306,-12.3,0.0261,107.363,0.716,1,5,0
For Whom The Bell Tolls (Remastered),['Metallica'],1984,66,309973,0.00631,0.512,0.86,0.00528,0.0652,-6.145,0.0703,117.909,0.258,1,0,0
Where The Streets Have No Name - Remastered,['U2'],1987,66,337506,0.00976,0.49,0.724,0.0046,0.159,-9.581,0.0366,125.812,0.292,1,2,0
The Best,['Tina Turner'],1989,66,329800,0.108,0.662,0.737,0.0191,0.119,-9.54,0.0296,103.867,0.744,1,0,0
Slave To Love,['Bryan Ferry'],1985,66,266333,0.182,0.661,0.818,0.000995,0.0527,-5.9,0.0291,147.544,0.79,1,2,0
You Are So Beautiful,['Joe Cocker'],1987,66,162973,0.918,0.376,0.119,0.0321,0.156,-17.643,0.0431,122.679,0.0752,1,1,0
Club Tropicana,['Wham!'],1983,66,265600,0.0291,0.658,0.714,5.7e-05,0.651,-9.247,0.0521,117.276,0.806,1,11,0
Down Under,['Men At Work'],1981,66,222320,0.129,0.739,0.459,0.0194,0.0474,-14.42,0.0294,107.115,0.892,0,11,0
Greatest Love of All,['Whitney Houston'],1985,66,291400,0.484,0.502,0.305,3.55e-06,0.117,-16.011,0.0339,131.242,0.248,1,9,0
La Gata Bajo la Lluvia,['Rocío Dúrcal'],1983,66,219107,0.723,0.499,0.648,0.0,0.576,-5.812,0.0331,88.14,0.464,1,7,0
Total Eclipse of the Heart,['Bonnie Tyler'],1983,65,418000,0.348,0.439,0.512,0.0,0.154,-12.875,0.0515,131.386,0.197,1,8,0
Let's Dance - 2002 Remaster,['David Bowie'],1983,65,247600,0.00535,0.654,0.641,0.00321,0.209,-9.771,0.0482,114.696,0.794,1,8,0
Que Locura Enamorarme De Ti,['Eddie Santiago'],1986,65,308040,0.538,0.746,0.786,8e-06,0.0656,-7.273,0.0428,93.767,0.968,0,10,0
Lost in Your Eyes,['Debbie Gibson'],1989,65,213000,0.46,0.482,0.613,0.000856,0.129,-7.462,0.0295,144.46,0.238,1,7,0
I Wanna Be Adored - Remastered,['The Stone Roses'],1989,65,292800,0.0121,0.492,0.862,0.213,0.228,-9.158,0.0273,112.598,0.591,0,4,0
I Just Can't Stop Loving You (feat. Siedah Garrett) - 2012 Remaster,"['Michael Jackson', 'Siedah Garrett']",1987,65,251760,0.667,0.657,0.467,1.92e-06,0.0295,-8.925,0.0341,100.139,0.276,1,5,0
Father Figure - Remastered,['George Michael'],1987,65,336667,0.163,0.689,0.333,3.36e-05,0.0853,-13.288,0.0262,101.988,0.284,1,3,0
"(I've Had) The Time Of My Life - From ""Dirty Dancing"" Soundtrack","['Bill Medley', 'Jennifer Warnes']",1987,65,290333,0.0404,0.697,0.669,0.00897,0.0654,-12.723,0.0406,108.506,0.486,0,6,0
I Got You Babe,"['UB40', 'Chrissie Hynde']",1985,65,189093,0.0806,0.756,0.61,7.89e-05,0.114,-13.002,0.0709,173.818,0.863,1,5,0
Cheri Cheri Lady,['Modern Talking'],1985,65,226333,0.458,0.677,0.616,0.0132,0.349,-13.826,0.032,114.223,0.851,1,10,0
Bad Reputation,['Joan Jett & The Blackhearts'],1981,65,169187,0.00192,0.378,0.974,0.0139,0.0588,-4.055,0.194,203.715,0.824,1,6,0
Triste canción,['El Tri'],1987,65,342520,0.0762,0.401,0.937,0.00154,0.269,-6.243,0.164,148.036,0.696,0,2,0
Where Do Broken Hearts Go,['Whitney Houston'],1987,65,277600,0.632,0.464,0.386,0.0,0.0682,-12.174,0.0292,61.868,0.251,1,2,0
Louisiana Saturday Night,['Mel McDaniel'],1980,65,144187,0.532,0.686,0.622,0.0,0.0511,-7.31,0.0857,163.245,0.982,1,2,0
When I See You Smile,['Bad English'],1989,65,257440,0.42,0.495,0.609,0.0,0.187,-9.902,0.0339,135.671,0.33,1,7,0
Higher Ground - Remastered,['Red Hot Chili Peppers'],1989,65,202053,0.0014,0.476,0.979,0.00729,0.0944,-3.506,0.132,140.404,0.416,0,4,0
Human Nature,['Michael Jackson'],1982,65,245560,0.541,0.624,0.512,0.00478,0.26,-10.041,0.0297,93.059,0.685,1,2,0
Run To You,['Bryan Adams'],1984,65,233270,0.00515,0.561,0.811,3.6e-05,0.287,-6.157,0.0265,126.593,0.635,1,4,0
I'm in a Hurry (And Don't Know Why),['Alabama'],1980,65,168813,0.237,0.748,0.72,0.0,0.069,-7.774,0.0286,128.69,0.86,1,9,0
Whip It,['DEVO'],1980,65,161133,0.0744,0.78,0.869,0.004,0.0621,-7.255,0.0517,157.902,0.957,1,9,0
Just The Way You Are,['Barry White'],1988,65,289107,0.166,0.564,0.327,3.45e-05,0.149,-14.63,0.0494,74.948,0.309,1,9,0
Heaven's On Fire,['KISS'],1984,65,201400,0.00376,0.679,0.866,3.1e-05,0.312,-6.053,0.0635,124.324,0.785,1,0,0
What's Love Got to Do with It - 2015 Remaster,['Tina Turner'],1984,65,230240,0.254,0.855,0.48,2.16e-05,0.151,-8.902,0.0588,97.793,0.798,1,1,0
"Please, Please, Please, Let Me Get What I Want - 2011 Remaster",['The Smiths'],1984,65,112707,0.534,0.241,0.468,0.0,0.161,-9.579,0.0272,91.581,0.451,1,2,0
Round and Round,['Ratt'],1984,65,265893,0.00682,0.628,0.934,1.11e-05,0.0852,-6.026,0.0527,126.538,0.491,1,11,0
Burning Down the House,['Talking Heads'],1983,65,241920,0.00644,0.779,0.87,0.0107,0.0399,-13.141,0.0574,102.689,0.555,0,5,0
Las Mil Y Una Noches,['Flans'],1987,65,280040,0.434,0.897,0.646,0.291,0.0912,-6.398,0.0302,113.774,0.454,0,3,0
One Day I'll Fly Away,['Randy Crawford'],1980,65,298027,0.761,0.489,0.358,0.018,0.106,-10.413,0.0302,77.784,0.422,1,2,0
Copperhead Road,['Steve Earle'],1988,65,269920,0.0213,0.372,0.588,0.000103,0.0525,-15.493,0.0411,162.874,0.706,1,7,0
Hallelujah,['Leonard Cohen'],1984,65,277160,0.715,0.28,0.344,0.00642,0.133,-12.577,0.0293,171.143,0.232,1,0,0
Radio Ga Ga - 2011 Mix,['Queen'],1984,65,348227,0.179,0.744,0.502,0.000172,0.19,-7.705,0.0359,112.345,0.655,1,5,0
Love Bites - Remastered 2017,['Def Leppard'],1987,65,346960,0.067,0.59,0.743,0.00093,0.0847,-7.078,0.0347,129.79,0.412,0,0,0
Caught Up In You,['38 Special'],1982,65,279333,0.0229,0.425,0.681,0.000219,0.0543,-8.604,0.0316,131.011,0.933,0,1,0
We've Got Tonight,"['Kenny Rogers', 'Sheena Easton']",1983,65,234560,0.767,0.543,0.227,4.29e-05,0.103,-11.247,0.0298,123.548,0.292,1,8,0
Got To Give It Up - Pt. 1,['Marvin Gaye'],1983,65,255133,0.234,0.855,0.847,0.00062,0.345,-9.019,0.042,122.644,0.89,1,2,0
Higher Love,['Steve Winwood'],1986,65,351507,0.0427,0.696,0.78,0.149,0.298,-12.159,0.0415,98.699,0.954,1,5,0
Pink Houses,['John Mellencamp'],1983,65,283667,0.0514,0.635,0.795,3.08e-06,0.0751,-5.313,0.0269,115.23,0.628,1,7,0
Night Nurse,['Gregory Isaacs'],1982,65,249533,0.039,0.824,0.366,0.106,0.0403,-10.96,0.145,73.949,0.895,1,7,0
Bark at the Moon,['Ozzy Osbourne'],1983,65,257120,0.00253,0.303,0.961,6.2e-05,0.132,-5.333,0.243,146.591,0.305,0,9,0
Mad World,['Tears For Fears'],1983,65,215400,0.0709,0.647,0.896,0.0505,0.0614,-5.949,0.0509,118.729,0.953,1,4,0
It's a Sin - 2001 Remaster,['Pet Shop Boys'],1987,65,299307,0.252,0.538,0.86,0.000527,0.247,-5.916,0.0435,127.153,0.291,0,0,0
Diamonds on the Soles of Her Shoes,['Paul Simon'],1986,65,349280,0.776,0.791,0.677,0.00121,0.224,-9.724,0.0356,110.64,0.876,1,5,0
The Stroke - Remastered,['Billy Squier'],1981,65,217613,0.62,0.67,0.591,0.0,0.373,-6.012,0.0646,91.439,0.8,1,7,0
Private Eyes,['Daryl Hall & John Oates'],1981,65,217200,0.409,0.85,0.938,0.000346,0.0582,-6.889,0.0415,120.826,0.84,0,9,0
Seven Wonders - 2017 Remaster,['Fleetwood Mac'],1987,65,222400,0.0259,0.707,0.625,5.42e-05,0.104,-9.529,0.0303,119.049,0.634,1,4,0
Wonderful Life,['Black'],1987,65,287933,0.705,0.72,0.521,0.36,0.214,-12.468,0.0302,106.055,0.823,1,7,0
Papa Don't Preach,['Madonna'],1986,65,345280,0.311,0.807,0.906,0.000791,0.0248,-8.973,0.0371,121.54,0.971,0,5,0
Need You Tonight,['INXS'],1987,65,180518,0.0713,0.801,0.723,0.154,0.0675,-4.985,0.0689,109.03,0.883,0,10,0
Hip To Be Square,['Huey Lewis & The News'],1986,65,245467,0.0025,0.668,0.779,0.000347,0.139,-11.089,0.0325,140.873,0.963,1,9,0
Photograph,['Def Leppard'],1983,65,247962,0.000343,0.602,0.877,0.635,0.0551,-6.606,0.0515,123.679,0.617,1,4,0
11 Y 6,['Fito Paez'],1985,65,178267,0.0755,0.72,0.325,0.0,0.308,-16.922,0.0319,101.3,0.318,1,7,0
The Longest Time,['Billy Joel'],1983,65,217907,0.181,0.637,0.333,0.0,0.147,-9.603,0.0262,84.347,0.588,1,3,0
Así No Te Amará Jamás,['Amanda Miguel'],1981,65,172016,0.673,0.683,0.546,0.0,0.169,-12.013,0.0871,130.801,0.785,0,10,0
Rhiannon,['Fleetwood Mac'],1988,65,252773,0.111,0.723,0.49,0.0946,0.0923,-14.745,0.0296,129.012,0.795,0,9,0
Do You Remember? - 2016 Remaster,['Phil Collins'],1989,65,275987,0.114,0.677,0.509,0.0134,0.0659,-7.472,0.0252,93.042,0.525,1,5,0
Heaven Is A Place On Earth,['Belinda Carlisle'],1987,65,247293,0.031,0.64,0.81,2.22e-06,0.0492,-10.19,0.033,122.868,0.804,1,4,0
Perfect Strangers,['Deep Purple'],1984,65,328427,0.00348,0.521,0.721,0.0113,0.391,-7.699,0.0254,97.578,0.611,1,2,0
You've Got Another Thing Coming,['Judas Priest'],1982,65,310080,0.00572,0.519,0.833,4.33e-06,0.104,-6.947,0.0496,138.225,0.532,0,6,0
The Promise,['When In Rome'],1988,65,220960,0.0864,0.629,0.876,7.72e-05,0.0431,-10.141,0.0444,118.01,0.358,1,0,0
Deeper Than the Holler,['Randy Travis'],1988,65,219080,0.29,0.647,0.482,0.0,0.232,-8.591,0.0262,142.648,0.437,1,5,0
Rhythm Of The Night,['DeBarge'],1985,65,229107,0.0769,0.707,0.759,2.84e-05,0.0775,-12.328,0.046,115.142,0.955,0,11,0
Sweetest Thing,['U2'],1987,65,184543,0.0437,0.524,0.641,2.78e-05,0.159,-8.967,0.0497,141.65,0.482,1,0,0
Never Say Goodbye,['Bon Jovi'],1986,65,288933,0.0522,0.326,0.797,0.0,0.081,-2.359,0.0334,135.937,0.271,1,2,0
More Than This - Remastered,['Roxy Music'],1982,65,270652,0.0508,0.653,0.666,0.0466,0.139,-7.808,0.0249,128.505,0.765,1,6,0
Do You Really Want To Hurt Me,['Culture Club'],1982,65,262173,0.0815,0.744,0.376,0.0,0.108,-14.996,0.0366,100.78,0.42,0,4,0
Venus,['Bananarama'],1986,65,229165,0.0883,0.722,0.961,0.61,0.278,-4.812,0.0514,126.113,0.91,1,9,0
The Riddle,['Nik Kershaw'],1984,65,234840,0.121,0.578,0.655,6.91e-06,0.137,-7.935,0.0277,101.889,0.898,1,9,0
Wicked Game,['Chris Isaak'],1989,65,289067,0.688,0.661,0.3,0.0118,0.0839,-18.055,0.0294,112.327,0.359,1,9,0
La Diferencia,['Vicente Fernández'],1980,65,170107,0.63,0.409,0.277,0.0,0.173,-10.276,0.0421,80.062,0.534,1,0,0
Hold On Loosely,['38 Special'],1980,64,280636,0.00888,0.567,0.559,0.00131,0.0764,-10.175,0.0288,127.227,0.898,1,9,0
Pimper's Paradise,['Bob Marley & The Wailers'],1980,64,207773,0.00557,0.939,0.65,0.0,0.0429,-8.282,0.0615,134.727,0.968,0,9,0
The Spirit Of Radio,['Rush'],1980,64,296467,0.0144,0.365,0.924,0.000254,0.423,-7.066,0.0488,135.811,0.632,1,4,0
Against The Wind,['Bob Seger'],1980,64,333720,0.28,0.674,0.771,0.0318,0.133,-5.612,0.0246,109.618,0.718,1,7,0
Video Killed The Radio Star,['The Buggles'],1980,64,253800,0.0852,0.675,0.61,0.0188,0.159,-13.811,0.085,131.037,0.344,1,1,0
The Flame,['Cheap Trick'],1988,64,338800,0.513,0.629,0.581,2.06e-06,0.0755,-11.856,0.027,97.074,0.359,1,4,0
Thriller,['Michael Jackson'],1982,64,357267,0.0855,0.773,0.859,0.00018,0.914,-4.913,0.0747,118.458,0.813,1,11,0
Only You (And You Alone),['The Platters'],1986,64,160093,0.932,0.419,0.331,0.0,0.102,-10.497,0.0293,80.647,0.322,1,3,0
Don't Get Me Wrong - 2007 Remaster,['Pretenders'],1986,64,227463,0.139,0.46,0.932,0.00504,0.114,-6.264,0.0468,203.617,0.849,1,0,0
Even the Nights Are Better,['Air Supply'],1982,64,237107,0.565,0.434,0.507,0.0,0.161,-10.422,0.0358,115.309,0.236,1,5,0
Wanna Be Startin' Somethin',['Michael Jackson'],1982,64,362373,0.0219,0.846,0.922,0.355,0.0623,-4.206,0.0438,122.195,0.899,0,6,0
Loco in Acapulco,['Four Tops'],1988,64,274067,0.413,0.818,0.705,0.0,0.0269,-9.609,0.0329,123.436,0.965,1,4,0
"Non, je ne regrette rien",['Édith Piaf'],1987,64,142280,0.858,0.382,0.354,3.11e-06,0.168,-6.595,0.0289,87.018,0.435,1,7,0
Será,['Legião Urbana'],1985,64,150467,0.122,0.281,0.866,0.00355,0.324,-10.628,0.0647,193.928,0.42,1,0,0
Wild Side,['Mötley Crüe'],1987,64,281960,0.00742,0.596,0.896,0.00057,0.372,-4.635,0.0382,115.092,0.456,1,0,0
Big in Japan - 2019 Remaster,['Alphaville'],1984,64,284625,0.0409,0.757,0.596,0.044,0.171,-8.039,0.0339,97.769,0.195,1,7,0
Él Me Mintió,['Amanda Miguel'],1981,64,219585,0.048,0.553,0.43,0.000775,0.166,-12.715,0.032,103.911,0.478,0,9,0
Ni tú ni nadie,['Alaska Y Dinarama'],1984,64,217000,0.519,0.601,0.677,2.77e-06,0.153,-10.564,0.0285,137.813,0.677,1,7,0
Always On My Mind,['Willie Nelson'],1982,64,212667,0.755,0.518,0.261,0.00106,0.144,-13.868,0.0272,73.336,0.2,1,2,0
Why Can't This Be Love,['Van Halen'],1986,64,227693,0.0606,0.531,0.626,0.0,0.0767,-13.371,0.0452,88.236,0.746,1,0,0
Amanda,['Boston'],1986,64,256200,0.32,0.449,0.424,1.69e-06,0.107,-14.06,0.0323,125.494,0.259,1,7,0
Lucha De Gigantes,['Nacha Pop'],1987,64,248373,0.187,0.625,0.476,0.000433,0.088,-11.537,0.0268,113.531,0.135,0,11,0
Money for Nothing,['Dire Straits'],1985,64,506400,0.0491,0.667,0.655,0.000894,0.0641,-9.339,0.0367,134.212,0.657,0,2,0
Amor Eterno,['Rocío Dúrcal'],1984,64,409467,0.456,0.274,0.171,0.0024,0.808,-16.847,0.0326,177.081,0.407,1,0,0
Going Up The Country,['Canned Heat'],1987,64,171373,0.806,0.653,0.239,0.0146,0.132,-18.54,0.0453,80.392,0.765,0,5,0
Santa Lucia - Remastered,['Miguel Rios'],1980,64,224827,0.213,0.545,0.682,0.0,0.147,-5.931,0.0289,102.703,0.713,1,6,0
Un Hombre Busca a Una Mujer,['Luis Miguel'],1988,64,215067,0.385,0.624,0.695,0.0,0.0637,-12.47,0.0461,98.022,0.775,1,9,0
"You're My Heart, You're My Soul",['Modern Talking'],1985,64,334600,0.0586,0.845,0.541,0.0586,0.149,-9.029,0.0748,117.362,0.79,0,1,0
Brass Monkey,['Beastie Boys'],1986,64,157440,0.00203,0.914,0.586,1.58e-06,0.0992,-8.435,0.33,116.371,0.655,0,6,0
Nothing's Gonna Change My Love For You,['Glenn Medeiros'],1986,64,231587,0.568,0.449,0.425,1.57e-06,0.0553,-13.208,0.0372,141.869,0.39,1,1,0
Cuando Seas Grande,['Miguel Mateos - Zas'],1986,64,265707,0.0535,0.627,0.736,3.33e-05,0.0239,-6.715,0.0386,144.651,0.774,1,4,0
Mujeres Divinas,['Vicente Fernández'],1987,64,193333,0.552,0.528,0.302,5.2e-05,0.269,-9.577,0.0674,140.963,0.616,0,5,0
For Those About to Rock (We Salute You),['AC/DC'],1981,64,344240,0.000367,0.371,0.917,0.422,0.49,-5.724,0.102,133.553,0.477,1,4,0
Through The Years - Single Version,['Kenny Rogers'],1981,64,286067,0.225,0.587,0.393,0.0,0.107,-11.455,0.028,131.266,0.271,1,0,0
Waterfall - Remastered,['The Stone Roses'],1989,64,278827,0.0236,0.491,0.686,0.269,0.451,-8.22,0.0289,103.707,0.436,1,11,0
Get Up Offa That Thing,['James Brown'],1987,64,250387,0.339,0.883,0.631,5.19e-06,0.942,-11.473,0.42,118.084,0.782,1,2,0
"She's Like the Wind (feat. Wendy Fraser) - From ""Dirty Dancing"" Soundtrack","['Patrick Swayze', 'Wendy Fraser']",1987,64,232907,0.256,0.586,0.331,1.67e-05,0.18,-14.677,0.0295,124.915,0.223,0,4,0
I Will Survive - 1981 Re-recording,['Gloria Gaynor'],1981,64,261173,0.00293,0.668,0.678,0.0,0.265,-10.317,0.056,120.029,0.657,0,9,0
Live Wire,['Mötley Crüe'],1981,64,194587,9.22e-05,0.422,0.901,6.78e-06,0.56,-6.655,0.0631,112.445,0.673,0,7,0
Lonely Is The Night - Remastered,['Billy Squier'],1981,64,281453,0.209,0.347,0.803,4.36e-06,0.116,-4.923,0.0416,85.362,0.672,1,9,0
Saving All My Love for You,['Whitney Houston'],1985,64,238467,0.593,0.636,0.264,4.22e-05,0.275,-14.567,0.0263,99.304,0.264,0,6,0
The Killing Moon,['Echo & the Bunnymen'],1985,64,346280,0.132,0.522,0.85,0.0338,0.295,-4.769,0.0361,124.216,0.71,1,7,0
"Head Over Heels - Dave Bascombe 7"" N.Mix","['Tears For Fears', 'Dave Bascombe']",1985,64,257316,0.338,0.623,0.739,1.88e-05,0.109,-8.116,0.0244,95.007,0.642,1,7,0
Forever Loving Jah,['Bob Marley & The Wailers'],1980,64,242333,0.0595,0.774,0.531,0.0,0.0409,-7.176,0.0446,142.001,0.966,0,11,0
Coming In From The Cold,['Bob Marley & The Wailers'],1980,64,271023,0.258,0.734,0.631,2.4e-06,0.0752,-6.887,0.098,141.478,0.962,1,5,0
Jessica,['The Allman Brothers Band'],1989,64,450600,0.365,0.345,0.745,0.735,0.19,-11.021,0.0327,105.058,0.879,1,2,0
Gangsta Gangsta,['N.W.A.'],1988,64,336917,0.0279,0.894,0.698,3.56e-06,0.329,-8.264,0.275,98.104,0.695,0,6,1
Cult of Personality,['Living Colour'],1988,64,294827,0.00164,0.504,0.918,2.12e-05,0.78,-3.463,0.0517,92.031,0.539,1,0,0
Corcovado (Quiet Nights Of Quiet Stars),"['Stan Getz', 'João Gilberto', 'Astrud Gilberto', 'Antônio Carlos Jobim']",1989,64,254667,0.961,0.572,0.152,0.000432,0.136,-15.658,0.0408,127.497,0.339,0,9,0
Lessons In Love,['Level 42'],1987,64,246013,0.159,0.709,0.839,0.00209,0.301,-8.403,0.0367,113.186,0.864,1,7,0
I Heard It Through The Grapevine,['Marvin Gaye'],1983,64,196707,0.199,0.724,0.346,0.0,0.111,-11.256,0.0366,117.188,0.637,0,3,0
All Around the World - Remastered,"['Lisa Stansfield', 'Ian Devaney', 'Andy Morris']",1989,64,265760,0.573,0.671,0.914,2.77e-06,0.0856,-4.598,0.107,101.201,0.806,1,1,0
Vamos a Darnos Tiempo,['José José'],1981,64,248640,0.823,0.393,0.327,0.0,0.164,-10.631,0.0359,147.526,0.176,1,10,0
Oh Sherrie,['Steve Perry'],1984,64,229347,0.372,0.333,0.695,7.13e-06,0.107,-5.116,0.0465,203.753,0.317,1,5,0
Cruel Summer,['Bananarama'],1984,64,215326,0.27,0.666,0.871,0.0208,0.263,-6.017,0.0272,108.501,0.936,0,1,0
Debaser,['Pixies'],1989,64,173173,0.000397,0.487,0.885,0.347,0.0973,-12.005,0.0427,135.516,0.579,1,5,0
La vie en rose - Single Version,['Louis Armstrong'],1989,64,204400,0.866,0.507,0.0779,0.00275,0.108,-12.099,0.0544,70.808,0.326,1,0,0
Una Aventura,['Grupo Niche'],1988,63,316093,0.275,0.699,0.83,0.00241,0.121,-10.935,0.0365,92.855,0.731,1,0,0
All I Want Is You,['U2'],1988,63,389933,0.106,0.239,0.442,0.0411,0.0738,-11.494,0.0308,185.723,0.4,1,1,0
Kiss on My List,['Daryl Hall & John Oates'],1980,63,264987,0.434,0.815,0.741,0.111,0.0689,-9.478,0.031,121.221,0.965,1,0,0
Back on the Chain Gang - 2007 Remaster,['Pretenders'],1984,63,231120,0.116,0.598,0.901,0.0401,0.178,-6.081,0.0359,153.24,0.814,1,2,0
Quiero Dormir Cansado,['Emmanuel'],1988,63,241227,0.286,0.727,0.437,0.0,0.0255,-14.581,0.0401,113.107,0.683,0,2,0
Living After Midnight,['Judas Priest'],1980,63,210133,0.0136,0.61,0.824,1.75e-06,0.0606,-6.046,0.0534,134.992,0.819,1,4,0
Gone Country,['Alan Jackson'],1989,63,259893,0.131,0.681,0.719,1.65e-06,0.113,-5.918,0.0248,125.729,0.637,1,7,0
Lo Dudo,['José José'],1985,63,219960,0.807,0.457,0.284,0.0,0.261,-14.212,0.0364,174.884,0.233,0,7,0
I Want To Break Free - Remastered 2011,['Queen'],1984,63,258013,0.0853,0.795,0.433,0.000284,0.0762,-8.927,0.0324,108.947,0.6,1,4,0
Fade To Black (Remastered),['Metallica'],1984,63,417227,0.00311,0.256,0.929,0.201,0.11,-6.667,0.113,113.47,0.278,1,7,0
A Little Respect,['Erasure'],1988,63,213373,0.00808,0.596,0.598,3.07e-06,0.241,-13.409,0.0268,113.825,0.595,1,0,0
Avalon - Remastered,['Roxy Music'],1982,63,256840,0.699,0.759,0.563,0.619,0.144,-8.643,0.0338,136.67,0.86,1,0,0
Tougher Than the Rest,['Bruce Springsteen'],1987,63,273867,0.2,0.6,0.514,0.000774,0.107,-11.178,0.0249,98.957,0.603,1,5,0
Pais E Filhos,['Legião Urbana'],1989,63,308800,0.17,0.601,0.263,2.62e-05,0.0971,-16.087,0.0273,89.873,0.688,1,7,0
Fragile,['Sting'],1987,63,236307,0.912,0.323,0.198,0.0698,0.0889,-21.035,0.0354,82.373,0.289,0,4,0
Teen Age Riot (Album Version),['Sonic Youth'],1988,63,417800,0.000277,0.286,0.907,0.202,0.0837,-9.67,0.0374,156.395,0.746,1,7,0
Ebony And Ivory - Remixed 2015,['Paul McCartney'],1982,63,226267,0.0784,0.567,0.692,0.0,0.0338,-7.881,0.0379,160.697,0.708,1,4,0
You Win Again,['Bee Gees'],1987,63,241400,0.0874,0.547,0.831,8.34e-06,0.222,-11.298,0.0319,168.581,0.909,0,11,0
"Nocturne No.2 In E Flat, Op.9 No.2","['Frédéric Chopin', 'Daniel Barenboim']",1982,63,273667,0.984,0.442,0.00919,0.936,0.0873,-32.452,0.047,79.314,0.0929,1,3,0
Sowing The Seeds Of Love,['Tears For Fears'],1989,63,376733,0.0109,0.209,0.795,5.63e-05,0.355,-7.241,0.0443,171.975,0.682,1,0,0
Better Be Home Soon,['Crowded House'],1988,63,187667,0.261,0.437,0.373,1.2e-06,0.0984,-14.846,0.028,93.519,0.355,1,0,0
Olancha Farewell,['Harold Budd'],1986,63,138427,0.992,0.196,0.00687,0.917,0.106,-34.255,0.0442,72.125,0.053,1,7,0
Amante Bandido,['Miguel Bosé'],1984,63,261360,0.0515,0.748,0.691,0.00256,0.0494,-8.88,0.0354,131.061,0.762,1,2,0
Déjame Vivir (with Juan Gabriel),"['Rocío Dúrcal', 'Juan Gabriel']",1984,63,222760,0.74,0.753,0.233,7.37e-06,0.0977,-16.193,0.0468,131.264,0.775,1,7,0
La Banda Del Carro Rojo,['Los Tigres Del Norte'],1984,63,186720,0.523,0.817,0.305,0.0,0.0325,-10.975,0.07,108.358,0.809,1,9,0
Good Thing,['Fine Young Cannibals'],1988,63,201867,0.0708,0.747,0.586,8e-05,0.0427,-10.119,0.0299,164.718,0.893,0,9,0
Love Changes (Everything),['Climie Fisher'],1988,63,268187,0.305,0.624,0.868,1.38e-05,0.186,-5.867,0.0269,111.143,0.806,1,5,0
Lick It Up,['KISS'],1983,63,236640,0.181,0.681,0.773,1.84e-05,0.311,-6.051,0.058,120.276,0.547,1,2,0
Metal Health (Bang Your Head),['Quiet Riot'],1983,63,316867,0.0434,0.494,0.933,0.00108,0.228,-5.977,0.0808,121.201,0.507,1,2,0
Unchain My Heart,['Joe Cocker'],1987,63,304293,0.0214,0.751,0.674,0.000143,0.32,-12.976,0.0425,117.969,0.696,0,9,0
Let's Go Crazy,['Prince'],1984,63,280000,0.0192,0.309,0.93,0.0022,0.106,-6.399,0.125,195.815,0.376,1,11,1
"Goldberg Variations, BWV 988: Aria","['Johann Sebastian Bach', 'Glenn Gould']",1981,63,184853,0.995,0.454,0.0139,0.943,0.0736,-29.966,0.0514,130.253,0.244,0,4,0
Everything She Wants,['Wham!'],1984,63,302693,0.321,0.9,0.459,0.00399,0.165,-15.557,0.0366,115.091,0.962,0,6,0
I Can't Go for That (No Can Do),['Daryl Hall & John Oates'],1981,63,307307,0.0405,0.889,0.441,0.000788,0.038,-9.506,0.0379,110.565,0.963,0,0,0
"No Easy Way Out - From ""Rocky IV"" Soundtrack",['Robert Tepper'],1985,63,262027,0.00146,0.543,0.829,4.91e-05,0.289,-7.916,0.0497,126.195,0.64,0,4,0
Save a Prayer - 2009 Remaster,['Duran Duran'],1982,63,333307,0.35,0.572,0.706,0.0,0.159,-8.707,0.0283,113.595,0.671,0,9,0
Stop Loving You,['TOTO'],1988,63,269227,0.234,0.555,0.649,0.069,0.0554,-13.349,0.0302,101.744,0.596,1,5,0
Dinosaur,"['Hank Williams, Jr.']",1980,63,199667,0.244,0.614,0.381,4.12e-05,0.0917,-14.628,0.0441,145.056,0.504,1,4,0
Forget Me Nots,['Patrice Rushen'],1982,63,275813,0.139,0.912,0.534,0.102,0.0387,-5.319,0.0366,114.681,0.963,0,6,0
Edge of Seventeen - 2016 Remaster,['Stevie Nicks'],1981,63,329413,0.327,0.591,0.804,5.98e-06,0.0818,-7.299,0.0454,111.457,0.658,1,0,0
Just Like Honey,['The Jesus and Mary Chain'],1985,63,182493,8.02e-05,0.341,0.552,0.616,0.0591,-10.503,0.0423,121.361,0.486,1,8,0
Sergio el Bailador,['Bronco'],1985,63,169600,0.306,0.789,0.67,0.0,0.0435,-12.263,0.0578,89.532,0.984,1,7,0
Give It To Me Baby,['Rick James'],1981,63,248133,0.114,0.706,0.727,7.7e-05,0.174,-8.714,0.0456,119.55,0.965,1,11,0
"Cello Suite No. 1 in G Major, BWV 1007: I. Prélude","['Johann Sebastian Bach', 'Yo-Yo Ma']",1983,63,151480,0.9,0.257,0.109,0.867,0.0762,-21.356,0.0597,75.02,0.307,1,7,0
Sister Christian,['Night Ranger'],1983,63,302933,0.147,0.448,0.35,2.27e-06,0.0842,-16.239,0.0393,177.279,0.234,1,5,0
"Burning Heart - From ""Rocky IV"" Soundtrack",['Survivor'],1985,63,230720,0.221,0.651,0.665,7.91e-06,0.0403,-7.43,0.0269,97.996,0.647,0,9,0
Dixieland Delight,['Alabama'],1983,63,322093,0.163,0.444,0.413,2.05e-05,0.053,-15.042,0.0326,95.738,0.573,1,2,0
Mátenme Porque Me Muero,['Caifanes'],1988,63,213360,0.283,0.439,0.864,2.01e-05,0.198,-5.866,0.0437,169.228,0.481,1,0,0
Give Me the Night,['George Benson'],1981,63,222627,0.314,0.85,0.466,0.0234,0.129,-15.673,0.0555,109.936,0.86,1,1,0
I Want Out,['Helloween'],1988,63,280213,0.000333,0.477,0.859,0.000155,0.265,-8.625,0.0387,91.009,0.629,1,0,0
The One I Love - Remastered,['R.E.M.'],1987,63,197800,0.000395,0.488,0.84,1.21e-06,0.346,-4.626,0.0356,127.862,0.559,1,2,0
Ain't Nobody,"['Rufus', 'Chaka Khan']",1983,63,285573,0.216,0.808,0.623,0.000396,0.0782,-15.805,0.0463,104.299,0.767,0,10,0
Johnny B Goode - 2002 Remaster,"['Peter Tosh', 'John Benitez']",1983,63,244253,0.0299,0.749,0.849,0.000168,0.115,-5.761,0.0544,145.169,0.959,0,4,0
Youth Gone Wild,['Skid Row'],1989,63,198907,0.00202,0.536,0.72,0.000127,0.357,-11.277,0.0436,117.367,0.633,0,7,0
Waiting Room,['Fugazi'],1989,63,173267,0.00401,0.616,0.727,0.86,0.157,-8.176,0.0365,92.259,0.54,0,1,0
Back To Life,['Soul II Soul'],1989,63,228267,0.0525,0.817,0.485,0.00021,0.0391,-11.659,0.143,100.978,0.672,1,7,0
Like a Prayer,['Madonna'],1989,63,340867,0.432,0.66,0.629,7.3e-05,0.172,-12.359,0.0387,111.926,0.324,1,5,0
Word Up,['Cameo'],1986,63,260000,0.0421,0.878,0.84,0.0035,0.053,-13.105,0.064,116.222,0.882,0,6,0
After All (Love Theme From Chances Are),"['Cher', 'Peter Cetera']",1989,63,244360,0.561,0.517,0.335,0.0,0.0876,-13.104,0.0324,138.096,0.163,1,4,0
La Ladrona,['Diego Verdaguer'],1981,63,184267,0.406,0.456,0.557,0.00044,0.121,-14.448,0.0486,188.875,0.889,1,7,0
All Right,['Christopher Cross'],1983,63,253653,0.17,0.711,0.647,0.0,0.234,-5.225,0.0353,132.752,0.504,0,6,0
All The Love,['The Outfield'],1985,63,212240,0.0405,0.622,0.531,1.17e-06,0.0915,-13.229,0.0406,128.084,0.737,1,4,0
Handle With Care,['Traveling Wilburys'],1988,63,199587,0.109,0.676,0.771,0.0,0.247,-5.981,0.0283,115.073,0.708,1,7,0
Ay Amor,['Ana Gabriel'],1987,63,201040,0.463,0.485,0.528,0.0,0.0755,-12.048,0.0331,149.119,0.382,1,6,0
Pump Up The Jam,['Technotronic'],1989,62,320307,0.0147,0.885,0.844,4.49e-06,0.0494,-9.225,0.0733,124.602,0.715,0,10,0
Happy Birthday,['Stevie Wonder'],1980,62,357027,0.00511,0.779,0.571,1.16e-05,0.0532,-15.327,0.0427,116.197,0.96,1,1,0
No More ?'s,"['Eazy-E', 'Ice Cube']",1988,62,234360,0.0143,0.935,0.805,1.53e-06,0.298,-4.782,0.225,105.641,0.624,1,7,1
You May Be Right,['Billy Joel'],1980,62,253200,0.175,0.567,0.945,2.6e-06,0.35,-7.243,0.0458,150.792,0.961,1,9,0
The Power Of Love,['Frankie Goes To Hollywood'],1984,62,332507,0.376,0.46,0.162,1.25e-05,0.181,-17.142,0.0335,122.767,0.102,0,5,0
Heaven,['Warrant'],1989,62,236867,0.115,0.462,0.488,0.0,0.128,-11.143,0.0287,145.789,0.33,1,6,0
I've Been In Love Before,['Cutting Crew'],1986,62,308133,0.0562,0.489,0.568,0.0107,0.21,-13.329,0.0281,146.009,0.86,1,2,0
I Keep Forgettin' (Every Time You're Near),['Michael McDonald'],1982,62,222280,0.357,0.734,0.485,0.00019,0.0401,-13.865,0.0465,95.321,0.933,0,4,0
Fools Gold - Remastered,['The Stone Roses'],1989,62,594453,0.000367,0.731,0.875,0.858,0.289,-6.393,0.0459,112.775,0.166,1,7,0
Don't Know What You Got (Till It's Gone),['Cinderella'],1988,62,354640,0.238,0.384,0.535,0.00045,0.0533,-9.939,0.0289,132.445,0.232,1,9,0
You're the Voice,['John Farnham'],1986,62,300733,0.393,0.502,0.66,0.000138,0.608,-11.852,0.0394,85.209,0.722,1,10,0
I'll Be Loving You (Forever),['New Kids On The Block'],1988,62,263933,0.282,0.598,0.282,0.0,0.105,-17.227,0.0256,134.706,0.305,1,11,0
Brass in Pocket - 2006 Remaster,['Pretenders'],1980,62,185960,0.368,0.751,0.703,0.00123,0.196,-5.687,0.0287,97.931,0.907,1,9,0
Raining Blood,['Slayer'],1986,62,254400,0.000489,0.294,0.995,0.331,0.128,-4.383,0.168,88.777,0.0379,0,1,0
She Bangs the Drums - Remastered,['The Stone Roses'],1989,62,232333,0.00649,0.34,0.976,0.00643,0.123,-4.782,0.0912,144.737,0.669,1,9,0
Cruz de Navajas,['Mecano'],1986,62,302493,0.649,0.735,0.496,0.000365,0.104,-8.466,0.0265,116.12,0.567,1,1,0
Nada Personal - Remasterizado 2007,['Soda Stereo'],1985,62,292573,0.422,0.763,0.939,0.136,0.119,-4.826,0.0488,124.396,0.448,0,8,0
La Chica de Humo,['Emmanuel'],1989,62,331360,0.443,0.596,0.603,1.61e-05,0.0776,-11.83,0.0826,203.829,0.711,0,11,0
Jailbreak,['AC/DC'],1984,62,280960,0.00953,0.572,0.835,0.0153,0.012,-5.552,0.0787,131.568,0.594,1,9,0
Eduardo E Mônica,['Legião Urbana'],1986,62,271440,0.485,0.671,0.443,0.000283,0.112,-12.776,0.0389,79.275,0.589,1,9,0
The Great Pretender,['The Platters'],1986,62,160667,0.943,0.425,0.401,3.44e-06,0.072,-9.427,0.0315,115.71,0.531,1,7,0
Ashes to Ashes - 2017 Remaster,['David Bowie'],1980,62,266160,0.273,0.71,0.743,0.000406,0.258,-10.553,0.0507,120.277,0.866,1,1,0
Say Say Say - Remastered 2015,"['Paul McCartney', 'Michael Jackson']",1983,62,235693,0.115,0.822,0.686,0.000982,0.0463,-10.456,0.0472,117.743,0.828,0,10,0
Hey Nineteen,['Steely Dan'],1980,62,307400,0.0126,0.952,0.301,0.000931,0.0387,-13.936,0.0612,119.629,0.728,1,2,0
Rock and Roll Ain't Noise Pollution,['AC/DC'],1980,62,266040,0.041,0.576,0.659,0.0,0.0587,-5.617,0.0383,94.853,0.717,1,9,0
Wind Beneath My Wings,['Bette Midler'],1988,62,293853,0.551,0.51,0.458,0.0,0.0853,-7.566,0.0289,123.694,0.177,1,10,0
La Negra Tomasa - Bilongo - Versión Tropical,['Caifanes'],1988,62,472400,0.234,0.53,0.683,0.311,0.274,-7.13,0.0313,174.441,0.694,1,2,0
Althea - 2013 Remaster,['Grateful Dead'],1980,62,412596,0.679,0.783,0.284,0.282,0.0767,-14.307,0.0365,82.676,0.584,1,9,0
I Wish It Would Rain Down - 2016 Remaster,['Phil Collins'],1989,62,327747,0.292,0.51,0.667,0.00683,0.313,-4.715,0.0294,125.887,0.356,1,8,0
Hunting High and Low,"['a-ha', 'John Ratcliff']",1985,62,228693,0.301,0.513,0.676,0.0,0.0864,-6.148,0.0309,116.592,0.311,0,9,0
Hey Hey What Can I Do - 2012 Remaster,['Led Zeppelin'],1982,62,236760,0.166,0.468,0.858,0.000304,0.0807,-9.639,0.0543,77.987,0.526,1,1,0
Who Made Who,['AC/DC'],1986,62,207147,0.000286,0.514,0.825,0.293,0.607,-5.136,0.0486,125.273,0.655,1,0,0
Angel,['Aerosmith'],1987,62,308907,0.304,0.239,0.819,0.0,0.0855,-3.583,0.0393,171.449,0.439,1,3,0
Here Comes the Rain Again - Remastered Version,"['Eurythmics', 'Annie Lennox', 'Dave Stewart']",1983,62,294587,0.0139,0.648,0.755,0.000253,0.225,-7.901,0.03,126.341,0.607,1,0,0
"Hungry Eyes - From ""Dirty Dancing"" Soundtrack",['Eric Carmen'],1987,62,248427,0.0194,0.701,0.479,0.0,0.103,-13.061,0.026,110.514,0.682,1,5,0
Asleep - 2011 Remaster,['The Smiths'],1987,62,253560,0.88,0.512,0.255,0.532,0.146,-15.867,0.0291,115.144,0.215,1,0,0
Rock Of Ages,['Def Leppard'],1983,62,247829,0.00802,0.706,0.785,0.0319,0.195,-7.666,0.041,105.893,0.636,0,11,0
Here I Go Again,['Whitesnake'],1982,62,308800,0.369,0.213,0.634,0.00199,0.359,-12.967,0.0596,174.443,0.354,0,4,0
Real Wild Child (Wild One),['Iggy Pop'],1986,62,218307,0.0174,0.59,0.851,0.0975,0.154,-11.754,0.0297,146.213,0.968,1,4,0
Last Dance - Single Version,['Donna Summer'],1980,62,199800,0.131,0.341,0.721,0.00029,0.216,-10.311,0.0801,126.351,0.237,1,3,0
Monkey Gone to Heaven,['Pixies'],1989,62,177467,0.0167,0.652,0.388,0.00076,0.32,-12.029,0.0302,116.433,0.595,0,6,0
Looks That Kill,['Mötley Crüe'],1983,62,249013,0.0033,0.485,0.945,0.00525,0.0997,-5.954,0.0402,135.957,0.731,1,0,0
Cuando Calienta El Sol,['Luis Miguel'],1987,62,236413,0.0738,0.686,0.868,0.0,0.287,-3.889,0.0504,125.768,0.557,1,0,0
L'italiano,['Toto Cutugno'],1983,62,236547,0.292,0.617,0.519,0.0,0.411,-11.411,0.0404,121.35,0.692,0,10,0
"Hearts On Fire - From ""Rocky IV"" Soundtrack",['John Cafferty'],1985,62,252920,0.0317,0.576,0.896,0.0,0.211,-8.026,0.04,136.586,0.617,1,7,0
En La Ciudad De La Furia - Remasterizado 2007,['Soda Stereo'],1988,62,346053,0.0816,0.611,0.803,0.855,0.0942,-6.022,0.0278,126.507,0.715,1,2,0
That's All - 2007 Remaster,['Genesis'],1983,62,265533,0.224,0.697,0.627,0.0138,0.06,-7.941,0.0328,87.695,0.797,0,4,0
"Ella, elle l'a - Remasterisé en 2004",['France Gall'],1987,62,291400,0.0504,0.702,0.76,0.00164,0.272,-5.87,0.0367,100.0,0.455,0,4,0
Animal,['Def Leppard'],1987,62,244560,0.00153,0.583,0.921,0.0178,0.188,-5.215,0.0468,119.526,0.613,1,11,0
Walk of Life,['Dire Straits'],1985,62,252467,0.435,0.461,0.936,9.13e-05,0.124,-6.866,0.109,172.404,0.804,1,4,0
Rastaman Live Up,['Bob Marley & The Wailers'],1983,62,327133,0.181,0.904,0.33,0.0254,0.0471,-11.117,0.124,130.688,0.7,1,0,0
Sommartider,['Gyllene Tider'],1982,62,202200,0.0973,0.84,0.707,0.0,0.27,-6.957,0.0514,129.532,0.697,1,9,0
Stone in Love,['Journey'],1981,62,265560,0.00472,0.488,0.871,0.000776,0.676,-9.447,0.0781,118.986,0.518,1,7,0
No Nos Vamos a Olvidar,['Bronco'],1987,62,215747,0.194,0.466,0.506,1.96e-06,0.338,-13.023,0.0284,77.422,0.696,1,7,0
867-5309 / Jenny,['Tommy Tutone'],1981,62,226200,0.0264,0.584,0.708,0.00364,0.112,-10.039,0.0593,137.657,0.564,1,5,0
I'm Your Man,['Wham!'],1986,62,243093,0.296,0.757,0.837,0.0,0.0567,-6.943,0.0508,132.152,0.592,1,2,0
Querida,['Juan Gabriel'],1984,62,328320,0.376,0.528,0.383,0.0,0.11,-11.17,0.0258,89.089,0.46,1,2,0
"Guitars, Cadillacs",['Dwight Yoakam'],1986,62,185240,0.26,0.581,0.917,0.179,0.141,-3.519,0.0746,171.663,0.86,1,9,0
Caray,['Juan Gabriel'],1981,62,229040,0.673,0.506,0.485,0.0,0.152,-12.083,0.04,207.081,0.957,1,2,0
Un Puño De Tierra,['Antonio Aguilar'],1988,62,188395,0.82,0.617,0.46,0.0,0.378,-8.586,0.0518,125.011,0.959,1,10,0
A Qué Le Tiramos,['Bronco'],1989,62,186787,0.421,0.519,0.494,0.0,0.107,-12.009,0.0387,148.592,0.658,0,6,0
Forever,['KISS'],1989,62,232640,0.254,0.435,0.666,1.4e-05,0.0541,-10.596,0.031,176.431,0.566,1,6,0
When the Children Cry,['White Lion'],1987,62,258547,0.665,0.493,0.236,0.0,0.0744,-13.638,0.0293,130.341,0.375,0,4,0
Love the One You're With,"['Crosby, Stills & Nash']",1980,61,184653,0.0675,0.609,0.489,0.0,0.101,-12.9,0.0383,97.163,0.132,1,0,0
Have a Drink on Me,['AC/DC'],1980,61,238467,0.00167,0.421,0.889,0.00838,0.654,-5.166,0.0545,122.424,0.424,1,2,0
Bust A Move,['Young MC'],1989,61,263914,0.0512,0.946,0.772,2.26e-06,0.0612,-7.537,0.121,116.972,0.743,0,4,0
A quién le importa,['Alaska Y Dinarama'],1986,61,205307,0.008,0.568,0.849,0.000343,0.145,-10.472,0.0338,130.746,0.809,1,7,0
While You See A Chance,['Steve Winwood'],1980,61,312773,0.36,0.602,0.732,0.000314,0.0755,-8.29,0.0282,129.355,0.411,1,2,0
Desire,['U2'],1988,61,179360,0.000212,0.49,0.827,0.00406,0.112,-9.481,0.0482,108.577,0.626,1,8,0
Sweet Little Mystery,['Wet Wet Wet'],1987,61,224933,0.408,0.711,0.581,0.0,0.0709,-14.108,0.0357,117.084,0.949,1,0,0
Kayleigh - 2017 Remaster,['Marillion'],1985,61,243560,0.247,0.585,0.567,0.0023,0.102,-8.35,0.0263,106.127,0.564,1,2,0
No One Like You,['Scorpions'],1982,61,237467,0.0203,0.505,0.631,2.21e-05,0.141,-10.433,0.038,118.178,0.835,0,9,0
I Know It's Over - 2011 Remaster,['The Smiths'],1986,61,349187,0.0847,0.407,0.424,0.0,0.234,-10.583,0.0318,113.311,0.404,1,0,0
Rio - 2009 Remaster,['Duran Duran'],1982,61,337333,0.0415,0.544,0.873,1.82e-05,0.0925,-7.425,0.0525,140.902,0.676,1,9,0
I Wanna Be Somebody,['W.A.S.P.'],1984,61,223533,0.000826,0.285,0.825,0.0,0.268,-7.049,0.0466,164.611,0.516,0,1,1
Héroe de leyenda,['Heroes Del Silencio'],1988,61,248987,0.313,0.698,0.605,0.000238,0.0783,-11.492,0.0302,134.092,0.8,0,9,0
Great Southern Land,['ICEHOUSE'],1982,61,317240,0.252,0.719,0.842,0.000218,0.0697,-5.603,0.0284,120.147,0.421,1,9,0
Your Love Is King,['Sade'],1984,61,219427,0.559,0.742,0.422,4.14e-05,0.0402,-6.797,0.0309,134.624,0.592,1,9,0
Je te donne,"['Jean-Jacques Goldman', 'Michael Jones']",1985,61,265400,0.287,0.459,0.776,0.0,0.159,-5.385,0.0359,122.004,0.749,1,0,0
I Would Die 4 U,['Prince'],1984,61,178987,0.0862,0.731,0.75,0.000388,0.202,-10.457,0.0321,135.406,0.639,1,2,0
Prófugos - Remasterizado 2007,['Soda Stereo'],1986,61,317613,0.00268,0.551,0.895,0.0403,0.299,-4.267,0.0391,127.223,0.359,0,4,0
Foolish Heart,['Steve Perry'],1984,61,219720,0.281,0.644,0.58,0.0,0.0652,-6.819,0.0226,96.475,0.591,1,11,0
Let's Stay Together - 2015 Remaster,['Tina Turner'],1984,61,316747,0.635,0.671,0.802,0.00069,0.119,-5.792,0.0691,104.401,0.492,0,8,0
Stuck With You,['Huey Lewis & The News'],1986,61,269573,0.0873,0.704,0.544,1.66e-05,0.041,-11.402,0.026,120.717,0.628,0,4,0
El Muchacho de los Ojos Tristes,['Jeanette'],1981,61,207147,0.47,0.689,0.408,3.06e-06,0.253,-11.779,0.0304,112.911,0.866,1,9,0
Ya Lo Sé Que Tú Te Vas,['Juan Gabriel'],1982,61,222947,0.63,0.394,0.276,0.00167,0.189,-13.785,0.0378,170.508,0.196,0,0,0
Sin Él,['Marisela'],1989,61,215627,0.733,0.57,0.259,9.5e-05,0.0905,-15.971,0.0346,141.512,0.323,1,6,0
Se Me Olvidó Otra Vez,['Juan Gabriel'],1986,61,178440,0.806,0.591,0.0881,0.0,0.21,-20.206,0.0472,82.648,0.302,1,9,0
Tonight I Celebrate My Love,"['Peabo Bryson', 'Roberta Flack']",1983,61,211000,0.803,0.482,0.211,1.36e-05,0.154,-14.518,0.0318,116.902,0.158,1,3,0
Lost In Love,['Air Supply'],1980,61,233867,0.425,0.583,0.316,5.67e-05,0.11,-19.292,0.0315,114.36,0.436,1,7,0
It's Raining Again,['Supertramp'],1982,61,264240,0.62,0.603,0.674,0.00261,0.26,-6.808,0.0295,121.261,0.559,1,10,0
Straight Up,['Paula Abdul'],1988,61,250032,0.267,0.769,0.826,0.0177,0.0638,-8.252,0.0624,95.862,0.762,1,7,0
Still Loving You,['Scorpions'],1984,61,387000,0.134,0.273,0.39,0.00174,0.183,-12.384,0.0317,103.955,0.0851,0,8,0
"Rasputin - 7"" Version",['Boney M.'],1984,61,220733,0.47,0.694,0.719,0.00121,0.44,-12.734,0.048,126.212,0.972,0,6,0
Mountain Song,"[""Jane's Addiction""]",1988,61,242720,0.0155,0.324,0.931,0.0252,0.277,-6.803,0.0837,82.748,0.313,1,9,0
Little Wing,['Stevie Ray Vaughan'],1984,61,408480,0.362,0.475,0.383,0.749,0.0728,-14.202,0.0375,114.709,0.524,1,1,0
I Don't Want A Lover,['Texas'],1989,61,300600,0.196,0.756,0.47,0.000487,0.126,-12.615,0.0394,120.484,0.43,1,7,0
I Will Survive - Rerecorded,['Gloria Gaynor'],1982,61,265027,0.00309,0.673,0.752,0.0,0.112,-7.978,0.0491,120.041,0.576,0,9,0
The Look Of Love - Pt. 1,['ABC'],1982,61,209160,0.11,0.731,0.91,0.000447,0.313,-4.559,0.0918,120.991,0.886,0,9,0
Dancing with Tears in My Eyes - Single Version / 2009 Remaster,['Ultravox'],1984,61,249493,0.0856,0.592,0.916,9.27e-05,0.161,-6.9,0.0482,144.262,0.886,1,9,0
Call Me,['Blondie'],1981,61,212893,0.0336,0.551,0.628,0.000194,0.151,-13.799,0.036,142.167,0.777,1,2,0
Everybody Needs Somebody to Love,['The Blues Brothers'],1980,61,203453,0.61,0.492,0.928,0.00259,0.368,-4.037,0.071,194.078,0.92,1,5,0
Holy Diver,['Dio'],1983,61,353787,0.0642,0.476,0.901,0.158,0.0557,-6.751,0.0975,91.955,0.109,1,8,0
Rainbow in the Dark,['Dio'],1983,61,256933,0.000692,0.512,0.947,0.114,0.0283,-5.659,0.0401,117.461,0.612,0,9,0
Just an Illusion,['Imagination'],1982,61,387867,0.295,0.752,0.549,0.115,0.0582,-10.532,0.0328,105.126,0.658,0,11,0
Close My Eyes Forever,"['Lita Ford', 'Ozzy Osbourne']",1988,61,283133,0.31,0.476,0.331,2.82e-06,0.172,-14.884,0.0305,130.574,0.24,1,5,0
Je te promets,['Johnny Hallyday'],1986,61,275907,0.633,0.444,0.199,0.0,0.214,-13.447,0.0418,113.894,0.129,1,0,0
Rock Me Amadeus - The Gold Mix,['Falco'],1985,61,202236,0.296,0.61,0.817,0.00336,0.0884,-9.45,0.133,176.737,0.889,0,4,0
(I'll Never Be) Maria Magdalena - Single Verison,['Sandra'],1987,61,239827,0.0992,0.613,0.559,0.0205,0.314,-14.127,0.0268,104.1,0.772,1,2,0
Master Blaster (Jammin'),['Stevie Wonder'],1980,61,307933,0.04,0.877,0.422,0.000406,0.182,-14.933,0.0546,131.103,0.97,0,10,0
Cherry Bomb,['John Mellencamp'],1987,61,287107,0.0509,0.744,0.945,1.41e-06,0.0435,-3.266,0.0286,113.882,0.961,1,7,0
Guitarras Blancas,['Los Enanitos Verdes'],1986,61,266827,0.0707,0.632,0.754,4.62e-05,0.14,-4.639,0.0385,145.066,0.792,1,8,0
The Sun Always Shines on T.V.,['a-ha'],1985,61,302400,0.0534,0.494,0.839,0.0706,0.253,-8.79,0.0647,126.329,0.219,0,9,0
Invisible Touch - 2007 Remaster,['Genesis'],1986,61,209587,0.339,0.659,0.878,0.000543,0.0731,-5.987,0.0298,131.037,0.843,1,0,0
I Melt with You,['Modern English'],1982,61,251573,0.000975,0.541,0.81,0.00158,0.0681,-11.745,0.0367,155.582,0.647,1,0,0
"Suite No.3 In D, BWV 1068: 2. Air","['Johann Sebastian Bach', 'David Bell', 'Berliner Philharmoniker', 'Herbert von Karajan']",1984,61,365147,0.918,0.0753,0.07,0.947,0.146,-27.272,0.044,79.801,0.0625,1,2,0
China Girl - 2018 Remaster,['David Bowie'],1983,61,333817,0.039,0.651,0.699,0.0659,0.124,-7.867,0.0277,133.793,0.832,0,4,0
Police In Helicopter,['John Holt'],1983,61,219160,0.0331,0.686,0.652,8.34e-06,0.0578,-7.586,0.111,141.185,0.503,0,9,0
Never Tear Us Apart,['INXS'],1987,61,185694,0.0518,0.665,0.686,0.000176,0.174,-5.849,0.0268,96.848,0.275,1,0,0
R.O.C.K. In The U.S.A. (A Salute To 60's Rock),['John Mellencamp'],1985,61,174360,0.00943,0.432,0.958,2.79e-06,0.227,-4.009,0.0819,164.018,0.874,1,9,0
Asi Fue,['Isabel Pantoja'],1988,61,325467,0.322,0.733,0.319,8.18e-06,0.2,-11.585,0.0298,110.002,0.466,1,7,0
Dreams,['Fleetwood Mac'],1988,61,254453,0.139,0.823,0.338,0.00129,0.5,-15.899,0.0413,120.473,0.785,1,0,0
Flor De Capomo,['Carlos Y Jose'],1981,61,168973,0.0902,0.772,0.289,0.00158,0.0591,-15.144,0.042,110.686,0.938,1,7,0
Nightshift,['Commodores'],1985,61,306560,0.62,0.727,0.559,0.0114,0.0629,-10.194,0.0392,105.06,0.393,1,8,0
Madhouse,['Anthrax'],1985,61,259760,0.0242,0.325,0.885,0.00432,0.735,-10.661,0.0904,163.578,0.482,1,9,0
Just Can't Get Enough - 2006 Remaster,['Depeche Mode'],1981,61,222760,0.41,0.765,0.766,0.0527,0.177,-9.374,0.0348,128.177,0.923,1,0,0
These Dreams,"['Heart', 'Ann Wilson']",1985,61,254476,0.508,0.535,0.532,0.0,0.0868,-9.865,0.0291,79.106,0.3,1,11,0
Talking In Your Sleep,['The Romantics'],1983,61,235093,0.0289,0.72,0.967,0.000345,0.142,-4.434,0.0343,129.766,0.977,0,9,0
Fade To Grey,['Visage'],1980,61,239360,0.000315,0.604,0.416,0.0165,0.0897,-17.154,0.0372,112.338,0.512,0,2,0
Legs - 2008 Remaster,['ZZ Top'],1983,61,273907,0.00957,0.611,0.946,0.0708,0.36,-5.357,0.0378,125.398,0.763,1,4,0
Centro Di Gravità Permanente - Remastered,['Franco Battiato'],1981,61,239187,0.262,0.704,0.707,4.41e-06,0.039,-7.33,0.0321,131.015,0.717,1,0,0
Always,['Atlantic Starr'],1987,61,288493,0.399,0.606,0.534,0.000973,0.356,-6.758,0.0256,130.945,0.328,1,7,0
Holiday in Cambodia,['Dead Kennedys'],1987,61,224867,0.00344,0.133,0.927,0.00044,0.0915,-5.371,0.0741,197.708,0.5,1,7,0
Venezia,['Hombres G'],1985,61,270680,0.224,0.581,0.826,0.00128,0.0506,-5.603,0.0816,168.561,0.573,1,1,0
Rock the Night,['Europe'],1986,61,247307,0.0425,0.57,0.931,0.0,0.375,-5.78,0.0503,105.37,0.401,0,4,0
Perdóname,['Camilo Sesto'],1980,61,232360,0.27,0.378,0.567,1.6e-06,0.302,-6.591,0.032,133.343,0.333,1,2,0
Someone Like You,['Van Morrison'],1987,61,249627,0.382,0.474,0.351,0.00108,0.0802,-8.296,0.0286,140.804,0.235,1,7,0
"Baby, I Love You",['Ramones'],1980,61,224560,0.202,0.735,0.653,0.000307,0.0802,-5.533,0.0269,107.779,0.93,1,8,0
Heaven Knows I'm Miserable Now - 2011 Remaster,['The Smiths'],1987,61,215760,0.028,0.609,0.759,0.0,0.183,-4.862,0.0276,114.045,0.774,1,6,0
Un Buen Perdedor,['Franco De Vita'],1984,61,242286,0.423,0.424,0.439,0.0,0.393,-12.446,0.0412,125.168,0.195,1,0,0
Yo Te Necesito,['Los Bukis'],1984,61,178240,0.281,0.432,0.643,0.0,0.08,-9.168,0.0533,181.519,0.773,1,9,0
"De Do Do Do, De Da Da Da",['The Police'],1980,61,247293,0.06,0.78,0.523,0.0629,0.24,-8.884,0.051,147.86,0.855,1,9,0
Time After Time,['Cyndi Lauper'],1983,61,241160,0.512,0.728,0.454,1.39e-06,0.0831,-9.281,0.0278,130.368,0.323,1,0,0
Panic - 2011 Remaster,['The Smiths'],1987,61,140507,0.0175,0.53,0.861,0.0177,0.0857,-4.67,0.0372,130.476,0.844,1,7,0
Something About You - Single Version,['Level 42'],1989,61,223440,0.0319,0.707,0.568,0.0298,0.055,-13.52,0.0291,105.326,0.877,0,6,0
Same Ol' Situation (S.O.S.),['Mötley Crüe'],1989,61,253120,0.041,0.497,0.98,2.33e-05,0.28,-4.406,0.13,139.673,0.237,1,2,0
Everywhere,['Fleetwood Mac'],1988,61,222733,0.218,0.69,0.54,0.00657,0.115,-10.516,0.0317,114.846,0.764,1,4,0
If Heaven Ain't A Lot Like Dixie,"['Hank Williams, Jr.']",1982,61,164600,0.266,0.729,0.553,0.0,0.0809,-8.983,0.085,78.085,0.935,1,5,0
Born To Be My Baby,['Bon Jovi'],1988,61,280107,0.0089,0.534,0.959,0.0,0.347,-4.289,0.0379,131.278,0.756,1,7,0
I Feel for You,['Chaka Khan'],1984,61,343400,0.0145,0.698,0.912,0.0222,0.279,-8.993,0.0675,124.916,0.797,1,11,0
Shot in the Dark,['Ozzy Osbourne'],1986,61,256293,0.00835,0.581,0.791,6.02e-05,0.142,-7.262,0.0324,123.887,0.619,1,6,0
Cool Down The Pace,['Gregory Isaacs'],1982,61,317360,0.122,0.87,0.299,0.0514,0.0926,-13.409,0.248,75.895,0.933,1,10,0
Abracadabra,['Steve Miller Band'],1982,61,308373,0.0749,0.791,0.535,1.96e-06,0.156,-13.261,0.0355,127.488,0.963,0,9,0
O Descobridor Dos Sete Mares,['Tim Maia'],1983,61,265298,0.0108,0.643,0.78,0.00069,0.305,-8.306,0.0718,136.891,0.963,0,10,0
Once Bitten Twice Shy,['Great White'],1989,61,322897,0.028,0.723,0.541,0.00339,0.133,-14.021,0.0303,131.675,0.607,1,0,0
The End Of The Innocence,['Don Henley'],1989,60,315307,0.306,0.623,0.425,8.65e-05,0.108,-13.045,0.0291,116.593,0.392,1,8,0
Oceano,['Djavan'],1989,60,296107,0.551,0.665,0.479,0.000548,0.286,-9.296,0.0247,92.864,0.154,1,7,0
Lovesong - 2010 Remaster,['The Cure'],1989,60,209573,0.339,0.611,0.813,0.898,0.224,-7.689,0.0279,140.112,0.821,0,9,0
Yo no te pido la luna (Non voglio mica la luna),['Daniela Romo'],1984,60,236453,0.241,0.699,0.906,0.0,0.298,-4.593,0.0483,121.848,0.666,1,1,0
You Can Do Magic,['America'],1982,60,237467,0.29,0.859,0.568,0.0,0.31,-12.516,0.0387,129.72,0.936,0,4,0
I Ran (So Far Away),['A Flock Of Seagulls'],1982,60,308933,0.00299,0.507,0.642,0.606,0.141,-12.923,0.0323,146.154,0.631,1,2,0
Run to the Hills - 2015 Remaster,['Iron Maiden'],1982,60,233507,0.0286,0.249,0.943,0.00401,0.162,-5.188,0.0669,173.671,0.458,1,0,0
Truly,['Lionel Richie'],1982,60,200507,0.646,0.366,0.238,1e-05,0.0876,-13.853,0.038,68.377,0.131,1,1,0
Dirty Laundry,['Don Henley'],1982,60,336800,0.0848,0.756,0.773,0.0026,0.0792,-6.65,0.0306,98.384,0.954,0,5,0
P.Y.T. (Pretty Young Thing),['Michael Jackson'],1982,60,239027,0.172,0.894,0.67,0.000362,0.0691,-9.406,0.0474,127.208,0.961,0,11,0
Poison,['Alice Cooper'],1989,60,269600,0.0515,0.3,0.894,0.000333,0.125,-7.786,0.109,118.631,0.268,0,2,0
Under the Milky Way,['The Church'],1988,60,297600,0.0548,0.578,0.583,0.199,0.125,-13.416,0.0269,135.986,0.519,0,9,0
Little Lies,['Fleetwood Mac'],1988,60,218040,0.124,0.63,0.688,4.78e-05,0.158,-9.816,0.0266,124.825,0.893,1,2,0
Dressed For Success,['Roxette'],1988,60,249840,0.0831,0.744,0.67,0.0,0.184,-5.305,0.0298,119.706,0.856,1,5,0
You Might Think,['The Cars'],1984,60,185026,0.141,0.71,0.774,0.0136,0.0348,-9.335,0.0333,133.924,0.966,1,2,0
Dance Me to the End of Love,['Leonard Cohen'],1984,60,280627,0.269,0.588,0.38,8.36e-06,0.0741,-11.879,0.0251,132.885,0.502,0,7,0
Crazy Crazy Nights,['KISS'],1987,60,227600,0.409,0.591,0.87,0.0,0.718,-6.381,0.0652,121.682,0.747,1,7,0
Personal Jesus - Original Single Version,"['Depeche Mode', 'Francois Kevorkian']",1989,60,224907,0.0112,0.637,0.682,0.0234,0.0473,-11.625,0.0366,129.983,0.714,1,11,0
So Emotional,['Whitney Houston'],1987,60,276667,0.268,0.698,0.792,5.17e-05,0.199,-10.011,0.0496,119.082,0.796,0,11,0
Stop Draggin' My Heart Around (with Tom Petty and The Heartbreakers) - 2016 Remaster,"['Stevie Nicks', 'Tom Petty and the Heartbreakers']",1981,60,244440,0.379,0.631,0.597,0.00273,0.146,-7.382,0.026,107.26,0.665,0,4,0
Between the Sheets,['The Isley Brothers'],1983,60,340013,0.661,0.719,0.377,0.0,0.0902,-12.585,0.0974,83.919,0.575,0,9,0
Mr. Roboto,['Styx'],1983,60,328707,0.186,0.663,0.482,0.0,0.0521,-12.093,0.0479,144.13,0.314,1,1,0
När vi två blir en,['Gyllene Tider'],1981,60,188467,0.17,0.626,0.667,0.0,0.112,-6.484,0.0739,89.233,0.855,1,9,0
Stuck On You,['Lionel Richie'],1983,60,195133,0.258,0.522,0.346,0.0,0.114,-15.462,0.0297,131.692,0.27,1,5,0
Conga,['Miami Sound Machine'],1985,60,254000,0.167,0.789,0.655,0.0409,0.0311,-14.825,0.0474,122.236,0.865,1,2,0
A Life of Illusion,['Joe Walsh'],1981,60,210533,0.0407,0.692,0.613,0.0652,0.094,-10.735,0.0282,120.901,0.93,1,2,0
Tropicana (Morena Tropicana),['Alceu Valença'],1982,60,233960,0.118,0.64,0.814,0.0,0.223,-6.701,0.137,134.221,0.782,0,11,0
Take Me To The Top,['Mötley Crüe'],1981,60,223533,3.9e-06,0.294,0.817,0.222,0.123,-6.577,0.0409,148.966,0.554,1,3,0
Pancho and Lefty,"['Merle Haggard', 'Willie Nelson']",1981,60,287627,0.796,0.693,0.454,0.000154,0.143,-12.44,0.0332,122.641,0.54,1,2,0
Mary's Prayer,['Danny Wilson'],1987,60,234467,0.235,0.682,0.571,0.0,0.116,-13.139,0.0367,135.109,0.657,1,0,0
Öyle Bir Yerdeyim ki,"['Selda Bağcan', 'Ahmet Kaya']",1986,60,312216,0.911,0.591,0.294,0.00156,0.239,-16.167,0.0312,109.755,0.359,0,7,0
Sin Sentimientos,['Grupo Niche'],1988,60,293893,0.414,0.607,0.622,0.0,0.176,-9.433,0.0354,82.777,0.66,0,2,0
Dr. Psiquiatra,['Gloria Trevi'],1989,60,221600,0.157,0.944,0.623,0.023,0.292,-11.456,0.112,131.034,0.651,1,0,0
Balls to the Wall,['Accept'],1983,60,342600,0.00392,0.544,0.739,0.000143,0.168,-7.383,0.0517,118.287,0.328,1,9,0
Nobody's Fool,['Cinderella'],1986,60,287400,0.0478,0.367,0.445,0.00284,0.163,-13.615,0.0286,67.197,0.149,0,9,0
Faroeste Caboclo,['Legião Urbana'],1987,60,547000,0.0425,0.43,0.549,2e-05,0.252,-12.956,0.0629,89.748,0.444,1,7,0
L'aventurier,['Indochine'],1982,60,231960,0.254,0.556,0.909,0.00058,0.0971,-9.982,0.0444,167.101,0.633,1,4,0
Don't Know Much (with Aaron Neville),"['Linda Ronstadt', 'Aaron Neville']",1989,60,211973,0.657,0.401,0.285,1.13e-05,0.158,-11.005,0.0327,130.465,0.267,1,11,0
Fresh,['Kool & The Gang'],1984,60,266560,0.00912,0.838,0.381,0.0988,0.0364,-16.867,0.0351,117.708,0.95,0,11,0
"Hungarian Dance No. 5 in G Minor, WoO 1 No. 5 (Orch. Schmeling)","['Johannes Brahms', 'Wiener Philharmoniker', 'Claudio Abbado']",1984,60,138707,0.899,0.358,0.167,0.96,0.103,-16.0,0.0354,144.561,0.601,0,7,0
Decisiones,['Rubén Blades'],1984,60,303400,0.777,0.661,0.61,0.0,0.0475,-9.824,0.0707,96.402,0.452,1,8,0
Didn't We Almost Have It All,['Whitney Houston'],1987,60,305067,0.416,0.54,0.489,0.000915,0.142,-10.151,0.0269,130.984,0.336,1,10,0
La Bamba,['Los Lobos'],1987,60,174187,0.144,0.506,0.764,0.00025,0.247,-12.239,0.046,156.336,0.868,1,0,0
Boyz-N-The-Hood - Remix,"['Eazy-E', 'Ice Cube', 'DJ Yella']",1988,60,379733,0.0383,0.837,0.692,0.0,0.212,-4.251,0.337,87.775,0.805,1,7,1
La Fuerza del Destino,['Mecano'],1988,60,310347,0.353,0.735,0.497,0.058,0.0577,-10.221,0.0356,89.87,0.868,0,8,0
Girls on Film - 2010 Remaster,['Duran Duran'],1981,60,212853,0.0173,0.725,0.859,0.0137,0.048,-6.208,0.0636,131.697,0.53,1,7,0
Sign Your Name,"[""Terence Trent D'Arby""]",1987,60,276533,0.202,0.899,0.421,4.94e-06,0.0864,-11.238,0.0511,109.148,0.852,1,4,0
Major Tom - Coming Home,['Peter Schilling'],1989,60,301373,0.153,0.787,0.42,0.164,0.169,-14.32,0.0645,161.247,0.838,0,4,0
Todo Se Derrumbó Dentro de Mí,['Emmanuel'],1988,60,312560,0.539,0.487,0.304,0.0,0.152,-15.082,0.0953,177.747,0.449,0,2,0
Resistiré,['Duo Dinamico'],1988,60,241627,0.187,0.75,0.742,0.0,0.0712,-10.184,0.027,95.872,0.653,0,5,0
Careless Whisper,['George Michael'],1986,60,302600,0.232,0.583,0.545,0.0,0.133,-11.698,0.0351,153.25,0.8,0,2,0
"Vivaldi: Violin Concerto in G Minor, RV 315 ""L'estate"" (No. 2 from ""Il cimento dell'armonia e dell'inventione"", Op. 8): III. Presto","['Antonio Vivaldi', 'Nigel Kennedy', 'English Chamber Orchestra']",1989,60,173427,0.876,0.362,0.569,0.91,0.327,-15.394,0.0345,148.692,0.746,0,7,0
Can You Stand The Rain,['New Edition'],1988,60,297707,0.678,0.614,0.369,0.00235,0.143,-15.182,0.0353,143.319,0.733,1,8,0
You,['Bad Religion'],1989,60,126520,0.000653,0.319,0.995,0.0,0.274,-2.94,0.0848,155.232,0.334,1,0,1
Perhaps Love,"['John Denver', 'Plácido Domingo']",1984,60,177307,0.794,0.393,0.248,1.88e-06,0.0953,-10.942,0.0363,80.755,0.203,1,9,0
Ohne Dich (schlaf' ich heut Nacht nicht ein),['Münchener Freiheit'],1986,60,247493,0.211,0.532,0.593,0.0,0.207,-13.014,0.0329,88.83,0.364,1,3,0
Rag Doll,['Aerosmith'],1987,60,265693,0.583,0.579,0.954,0.0,0.139,-3.947,0.0558,93.448,0.583,1,4,0
Don't Stop Me Now,['Queen'],1981,60,209600,0.057,0.557,0.761,0.00109,0.567,-9.58,0.167,156.442,0.666,1,5,0
I'm on My Way,['The Proclaimers'],1988,60,225587,0.369,0.824,0.634,0.0,0.0665,-10.296,0.0342,118.922,0.743,1,8,0
Express Yourself,['N.W.A.'],1988,60,265102,0.0506,0.851,0.583,0.0,0.236,-11.022,0.286,95.048,0.956,0,8,1
The Trooper - 2015 Remaster,['Iron Maiden'],1983,60,252733,0.0318,0.285,0.908,0.00909,0.311,-4.601,0.0705,159.756,0.669,0,4,0
Wild Child,['W.A.S.P.'],1985,60,312400,0.0608,0.372,0.857,9.01e-05,0.187,-7.816,0.0461,146.08,0.389,0,5,1
Woman,['John Lennon'],1980,60,212933,0.378,0.588,0.656,0.00227,0.042,-6.373,0.0224,79.701,0.746,1,3,0
That's Entertainment,['The Jam'],1980,60,212787,0.211,0.567,0.653,0.000489,0.0639,-11.524,0.0336,142.218,0.78,0,0,0
Baby Jane - 2008 Remaster,['Rod Stewart'],1983,60,283493,0.0137,0.641,0.796,0.000115,0.358,-8.56,0.0407,123.229,0.727,0,2,0
My Hometown,['Bruce Springsteen'],1984,60,279667,0.486,0.652,0.338,5.9e-05,0.0744,-11.58,0.0367,116.881,0.392,1,9,0
Quase Sem Querer,['Legião Urbana'],1986,60,280467,0.019,0.598,0.65,0.0482,0.0775,-14.281,0.0402,90.673,0.595,1,7,0
Close to Me - 2006 Remaster,['The Cure'],1985,60,203267,0.0748,0.725,0.524,0.764,0.0819,-11.121,0.116,185.134,0.961,1,11,0
Too Shy,['Kajagoogoo'],1983,60,222320,0.101,0.714,0.709,9.38e-05,0.0786,-11.067,0.0743,108.018,0.728,0,5,0
The Girl Is Mine (with Paul McCartney),"['Michael Jackson', 'Paul McCartney']",1982,60,222040,0.269,0.671,0.636,4.09e-06,0.18,-6.673,0.0558,81.477,0.651,1,9,0
Manic Monday,['The Bangles'],1986,60,184160,0.294,0.685,0.594,3.69e-06,0.358,-10.906,0.0289,121.761,0.853,1,2,0
Hier kommt Alex,['Die Toten Hosen'],1988,60,300360,0.0379,0.307,0.865,3.37e-05,0.151,-5.647,0.074,134.464,0.126,0,2,0
Late in the Evening,['Paul Simon'],1980,60,242707,0.199,0.72,0.88,0.0246,0.0865,-8.988,0.0406,118.623,0.961,1,5,0
"Theme From New York, New York",['Frank Sinatra'],1980,60,206067,0.282,0.408,0.414,0.0,0.153,-11.083,0.0297,107.469,0.576,1,2,0
If You're Gonna Play in Texas (You Gotta Have a Fiddle in the Band),['Alabama'],1980,60,212667,0.263,0.449,0.645,2.9e-06,0.901,-15.2,0.0385,109.581,0.777,1,9,0
Life's What You Make It - 1997 Remaster,['Talk Talk'],1986,60,268893,0.00367,0.525,0.804,0.285,0.0382,-7.575,0.0321,91.951,0.935,1,1,0
Paul Revere,['Beastie Boys'],1986,60,220840,0.0161,0.883,0.553,0.0,0.228,-13.232,0.944,91.753,0.578,0,6,0
The Winner Takes It All,['ABBA'],1980,60,294733,0.548,0.457,0.785,0.000781,0.082,-6.783,0.0383,126.947,0.522,1,6,0
What I Like About You,['The Romantics'],1980,60,175267,0.282,0.514,0.942,6.6e-05,0.17,-8.433,0.0502,159.847,0.912,1,9,0
Super Trouper,['ABBA'],1980,60,254600,0.457,0.764,0.626,6.35e-06,0.172,-8.274,0.0288,118.324,0.961,1,0,0
Liberian Girl - 2012 Remastered Version,['Michael Jackson'],1987,60,232800,0.464,0.749,0.546,0.00191,0.126,-7.217,0.103,105.232,0.454,0,8,0
Go Your Own Way,['Fleetwood Mac'],1988,60,218400,0.0219,0.597,0.812,0.00106,0.102,-12.062,0.0315,135.68,0.823,1,5,0
Simple Man,['The Charlie Daniels Band'],1989,60,202507,0.654,0.592,0.383,0.0,0.0982,-13.076,0.0494,78.954,0.485,1,9,0
Maquillaje,['Mecano'],1982,60,152600,0.581,0.71,0.923,8.72e-05,0.109,-4.986,0.0865,118.438,0.938,0,4,0
Tu Dama de Hierro,['Marisela'],1989,60,195533,0.403,0.708,0.423,6.52e-06,0.209,-15.776,0.0282,114.539,0.584,0,2,0
This Night Has Opened My Eyes - 2011 Remaster,['The Smiths'],1984,60,221533,0.00102,0.696,0.628,0.428,0.272,-8.407,0.0274,100.038,0.701,1,2,0
Bete Balanço,['Barão Vermelho'],1984,59,213933,0.416,0.782,0.705,0.00179,0.0743,-9.16,0.038,116.967,0.902,0,11,0
Elvira,['The Oak Ridge Boys'],1981,59,225627,0.188,0.825,0.285,0.00131,0.0539,-17.491,0.0326,126.946,0.86,1,8,0
Gypsy Road,['Cinderella'],1988,59,235733,0.00566,0.524,0.886,0.00182,0.331,-9.154,0.0385,132.446,0.511,1,9,0
Head Like A Hole,['Nine Inch Nails'],1989,59,299640,0.00787,0.663,0.792,0.00183,0.582,-11.255,0.0456,115.386,0.443,1,9,0
Wild Thing,['Tone-Loc'],1989,59,263573,0.000507,0.943,0.685,8.56e-06,0.0604,-11.903,0.188,125.515,0.813,1,7,0
Chattahoochee - Extended Mix,['Alan Jackson'],1989,59,237267,0.121,0.579,0.801,7.58e-05,0.0821,-7.454,0.0449,174.755,0.972,1,0,0
I Can't Drive 55,['Sammy Hagar'],1984,59,254467,0.00214,0.537,0.645,3.21e-05,0.0911,-12.362,0.0308,133.745,0.848,1,9,0
You Might Think,['The Cars'],1984,59,184717,0.109,0.728,0.855,0.000576,0.113,-6.031,0.0333,133.887,0.971,1,2,0
The Passenger,['Siouxsie and the Banshees'],1987,59,309307,0.0309,0.457,0.93,6.27e-05,0.135,-4.544,0.0673,139.819,0.294,0,2,0
Hello,['Lionel Richie'],1983,59,251107,0.414,0.487,0.246,0.0,0.0983,-14.104,0.0376,61.084,0.0562,0,9,0
No Tengo Dinero,['Juan Gabriel'],1987,59,186373,0.71,0.738,0.443,0.0,0.23,-9.675,0.0487,120.587,0.927,1,9,0
Who's Crying Now,['Journey'],1981,59,300147,0.0548,0.57,0.554,0.0,0.139,-9.732,0.0288,122.135,0.372,0,9,0
We Got The Beat,"[""The Go-Go's""]",1981,59,153133,0.155,0.587,0.994,0.0734,0.0319,-5.61,0.045,151.941,0.481,1,2,0
My Kinda Lover - Remastered,['Billy Squier'],1981,59,213533,0.468,0.534,0.461,6.43e-05,0.036,-6.603,0.0361,95.105,0.783,0,9,0
Trois nuits par semaine,['Indochine'],1985,59,312533,0.0176,0.74,0.783,0.000645,0.0877,-13.726,0.0292,137.292,0.906,0,9,0
The Loco-Motion,['Kylie Minogue'],1988,59,193920,0.385,0.748,0.915,0.0585,0.0235,-5.23,0.0376,129.0,0.763,1,3,0
The Sweetest Taboo,['Sade'],1985,59,277153,0.128,0.752,0.824,0.0103,0.306,-9.455,0.0447,91.563,0.961,0,10,0
Our House,['Madness'],1983,59,201133,0.0285,0.601,0.649,7.71e-05,0.127,-10.57,0.0554,121.66,0.708,1,7,0
Authority Song,['John Mellencamp'],1983,59,229240,0.00399,0.495,0.969,2.55e-05,0.404,-4.994,0.0427,156.135,0.966,1,2,0
Via con me,['Paolo Conte'],1981,59,166160,0.752,0.625,0.472,0.00298,0.154,-16.407,0.153,163.41,0.739,1,5,0
Seek & Destroy (Remastered),['Metallica'],1983,59,414720,0.0364,0.439,0.963,0.00896,0.0784,-5.508,0.277,140.805,0.435,1,9,0
Wishing Well,"[""Terence Trent D'Arby""]",1987,59,210467,0.0965,0.855,0.461,0.0,0.201,-13.096,0.0564,104.96,0.833,0,10,0
There's No Easy Way,['James Ingram'],1983,59,227293,0.689,0.563,0.184,0.0,0.129,-16.386,0.0417,128.048,0.194,1,8,0
Two Strong Hearts,['John Farnham'],1988,59,213333,0.0833,0.646,0.839,0.0,0.315,-8.178,0.0332,109.854,0.834,1,2,0
Texas Flood,['Stevie Ray Vaughan'],1983,59,320907,0.000788,0.256,0.423,0.402,0.25,-11.994,0.035,173.27,0.441,1,6,0
Heavy Metal,['Sammy Hagar'],1981,59,230507,0.0178,0.276,0.639,0.0,0.292,-11.674,0.0471,186.502,0.643,1,2,0
Castillos,['Amanda Miguel'],1983,59,261982,0.715,0.528,0.284,0.181,0.127,-14.52,0.033,118.388,0.233,1,9,0
What About Love?,['Heart'],1985,59,221671,0.295,0.246,0.631,0.0,0.321,-7.067,0.0377,160.633,0.3,0,2,0
Ji Ji Ji,['Patricio Rey y sus Redonditos de Ricota'],1986,59,334600,0.0047,0.476,0.706,0.000118,0.267,-10.136,0.217,169.491,0.488,1,5,0
One Of Us,['ABBA'],1981,59,237013,0.478,0.652,0.397,0.000946,0.0679,-15.245,0.0385,82.235,0.858,1,7,0
Fire Woman,['The Cult'],1989,59,311027,0.000272,0.495,0.798,0.000922,0.234,-9.173,0.0387,132.007,0.461,1,7,0
Shattered Dreams - Remastered,['Johnny Hates Jazz'],1988,59,207347,0.0318,0.655,0.72,4.71e-05,0.25,-9.423,0.0312,121.311,0.745,1,10,0
The Imperial March (Darth Vader's Theme),"['John Williams', 'London Symphony Orchestra']",1980,59,179573,0.753,0.577,0.379,0.955,0.126,-13.82,0.0368,103.112,0.284,0,7,0
Hold Me,['Fleetwood Mac'],1988,59,225333,0.247,0.709,0.571,0.014,0.114,-13.25,0.039,124.739,0.779,1,10,0
Voce E Linda - Remixed Original Album,['Caetano Veloso'],1983,59,292307,0.815,0.568,0.458,0.000177,0.109,-9.566,0.0278,95.111,0.449,1,9,0
Pretty in Pink,['The Psychedelic Furs'],1981,59,238107,0.105,0.386,0.916,0.00991,0.325,-5.955,0.0741,135.642,0.775,1,2,0
Gary's Theme - Remastered,['Bill Evans'],1981,59,257693,0.905,0.42,0.0802,0.857,0.135,-21.795,0.04,122.041,0.0541,1,7,0
Tempted,['Squeeze'],1981,59,240333,0.0916,0.729,0.356,0.0905,0.052,-13.743,0.0347,95.026,0.392,0,6,0
Overjoyed,['Stevie Wonder'],1985,59,222586,0.541,0.221,0.264,0.0,0.148,-17.533,0.0332,83.128,0.169,1,10,0
Big in Japan - Single Version; 2019 Remaster,['Alphaville'],1984,59,234693,0.146,0.773,0.608,0.00313,0.13,-8.606,0.0492,97.82,0.335,1,7,0
Rough Boy,['ZZ Top'],1985,59,289160,0.38,0.457,0.48,0.016,0.142,-15.776,0.03,157.967,0.683,1,9,0
Jeanny,['Falco'],1985,59,355989,0.451,0.648,0.66,0.0,0.189,-10.455,0.0454,105.913,0.452,0,9,0
Angel Of Harlem,['U2'],1988,59,229267,0.104,0.519,0.694,2.3e-06,0.111,-10.792,0.0264,102.718,0.928,1,0,0
Baby's Got Her Blue Jeans On,['Mel McDaniel'],1985,59,179653,0.237,0.871,0.714,1.94e-06,0.072,-6.413,0.0307,106.797,0.962,1,10,0
Heaven Knows I'm Miserable Now - 2011 Remaster,['The Smiths'],1984,59,215760,0.028,0.609,0.759,0.0,0.183,-4.862,0.0276,114.045,0.774,1,6,0
Holiday,['Madonna'],1983,59,231560,0.0251,0.813,0.699,0.0135,0.0527,-8.656,0.0458,117.548,0.732,1,7,0
Waiting On A Friend - Remastered 2009,['The Rolling Stones'],1981,59,274227,0.157,0.606,0.794,0.0406,0.568,-6.042,0.0282,116.93,0.911,1,0,0
He Renunciado a Ti - Remasterizado,['José José'],1985,59,234933,0.758,0.655,0.263,0.0,0.118,-15.574,0.0391,87.829,0.379,0,9,0
O Tempo Não Pára - Ao Vivo,['Cazuza'],1988,59,279893,0.0343,0.358,0.766,0.0,0.983,-9.715,0.0603,76.904,0.362,1,2,0
She Works Hard For The Money,['Donna Summer'],1983,59,320840,0.00486,0.758,0.638,0.0141,0.0938,-13.01,0.0378,136.502,0.984,0,8,0
Te Lo Pido por Favor,['Juan Gabriel'],1986,59,218213,0.649,0.64,0.404,0.0,0.263,-7.672,0.0248,89.757,0.429,1,2,0
Costumbres,['Rocío Dúrcal'],1984,59,272400,0.58,0.404,0.126,0.000283,0.233,-16.832,0.0321,172.525,0.36,0,9,0
Ainda É Cedo,['Legião Urbana'],1985,59,237733,0.32,0.612,0.675,0.00093,0.0861,-10.39,0.0388,148.336,0.803,1,2,0
Johnny And Mary,['Robert Palmer'],1980,59,239173,0.0254,0.662,0.569,0.103,0.0247,-12.468,0.0431,152.943,0.97,0,11,0
Dust in the Wind,['Kansas'],1984,59,205600,0.212,0.498,0.251,1.59e-05,0.107,-13.734,0.0299,93.546,0.419,0,9,0
Suddenly,['Billy Ocean'],1984,59,234707,0.735,0.496,0.339,0.0,0.115,-9.512,0.0317,129.486,0.201,0,10,0
Big Log - 2006 Remaster,['Robert Plant'],1983,59,306453,0.315,0.556,0.592,0.00334,0.196,-8.519,0.0287,180.645,0.675,0,9,0
King Of Pain,['The Police'],1983,59,299040,0.389,0.518,0.725,0.000192,0.0671,-8.854,0.0338,124.151,0.646,1,2,0
All My Ex's Live In Texas,['George Strait'],1987,59,200827,0.217,0.764,0.333,1.02e-05,0.11,-15.921,0.0308,130.541,0.738,1,9,0
Pour Some Sugar On Me,['Def Leppard'],1987,59,267307,0.00211,0.267,0.953,0.0,0.283,-4.899,0.096,84.989,0.568,0,1,0
Every Time You Go Away,['Paul Young'],1985,59,324347,0.169,0.608,0.604,0.000133,0.106,-12.285,0.0433,164.254,0.673,1,5,0
Kiss You All Over,['Exile'],1983,59,214400,0.253,0.741,0.267,0.000447,0.0987,-17.204,0.0285,102.428,0.497,1,0,0
Sola Con Mi Soledad,['Marisela'],1989,59,229933,0.615,0.805,0.313,0.0,0.144,-15.552,0.0294,106.754,0.837,1,3,0
Te Amaré,['Miguel Bosé'],1980,59,211733,0.0663,0.452,0.302,0.0,0.116,-17.023,0.0355,149.163,0.381,1,3,0
Urgent,['Foreigner'],1981,59,271200,0.342,0.855,0.803,0.00732,0.0841,-5.849,0.0316,114.867,0.962,0,4,0
Is This Love - 2018 Remaster,['Whitesnake'],1987,59,284496,0.0555,0.263,0.759,0.0,0.231,-7.288,0.0431,179.904,0.429,1,0,0
Seventeen,['Winger'],1988,59,245267,0.000895,0.577,0.676,2.29e-06,0.0625,-11.931,0.0295,95.98,0.676,1,8,0
Sara,['Starship'],1985,59,292800,0.352,0.642,0.805,1.02e-06,0.118,-5.675,0.0336,100.273,0.365,1,10,0
Think of Laura,['Christopher Cross'],1983,59,206640,0.822,0.645,0.211,9.19e-06,0.138,-12.73,0.0257,86.121,0.174,1,11,0
This Cowboy's Hat,['Chris LeDoux'],1982,59,245173,0.403,0.493,0.297,0.0,0.145,-14.838,0.0487,90.273,0.436,0,6,0
Seré,['José José'],1984,59,190707,0.0807,0.584,0.721,0.0,0.366,-6.917,0.0564,129.371,0.687,1,10,0
La groupie du pianiste - Remasterisé en 2002,['Michel Berger'],1980,59,282813,0.527,0.578,0.751,0.0134,0.0484,-8.355,0.0306,102.905,0.667,0,7,0
I Don't Wanna Lose You,['Tina Turner'],1989,59,253173,0.328,0.731,0.7,0.0,0.278,-6.211,0.0275,94.037,0.54,1,1,0
Private Dancer - 2015 Remaster,['Tina Turner'],1984,59,434373,0.363,0.587,0.572,0.0871,0.0915,-9.656,0.0413,115.466,0.471,1,2,0
Hard Habit to Break - 2006 Remaster,['Chicago'],1984,59,283733,0.448,0.584,0.612,0.0,0.171,-5.833,0.0283,81.182,0.402,1,2,0
Orinoco Flow,['Enya'],1988,59,266194,0.797,0.685,0.307,0.28,0.0988,-17.283,0.0305,114.981,0.559,1,0,0
Living Years,['Mike & The Mechanics'],1988,59,330267,0.58,0.518,0.417,0.0,0.0722,-13.268,0.0325,97.63,0.311,1,8,0
Mistral gagnant,['Renaud'],1985,59,165933,0.861,0.362,0.368,4.99e-06,0.0937,-12.878,0.042,82.751,0.393,0,11,0
"An der schönen blauen Donau, Op.314","['Johann Strauss II', 'Berliner Philharmoniker', 'Herbert von Karajan']",1982,59,707173,0.975,0.233,0.0252,0.601,0.143,-24.824,0.0346,94.736,0.0936,1,2,0
Love Will Lead You Back,['Taylor Dayne'],1989,59,277600,0.201,0.547,0.513,0.0,0.0866,-7.006,0.0267,73.214,0.2,1,1,0
One Way Or Another,['Blondie'],1981,59,216400,0.0792,0.47,0.796,7.35e-05,0.292,-12.055,0.0517,161.414,0.909,0,6,0
Slipping Through My Fingers,['ABBA'],1981,59,233720,0.796,0.475,0.26,0.0016,0.109,-15.997,0.0322,137.212,0.339,1,5,0
I Am the Resurrection - Remastered,['The Stone Roses'],1989,59,492947,0.00192,0.356,0.866,0.113,0.0815,-6.324,0.0411,129.743,0.723,1,4,0
It Must Be Love,['Madness'],1981,59,206267,0.103,0.536,0.606,1.08e-05,0.255,-5.364,0.0355,146.425,0.719,1,7,0
Dirty Diana - 2012 Remaster,['Michael Jackson'],1987,59,280760,0.194,0.744,0.815,0.000263,0.303,-4.013,0.0446,131.39,0.347,1,3,0
Big Love - 2017 Remaster,['Fleetwood Mac'],1987,59,223733,0.0291,0.709,0.699,0.295,0.0673,-11.905,0.0466,125.377,0.592,0,10,0
Runaway Train,['Soul Asylum'],1986,59,266067,0.00481,0.616,0.714,0.0,0.133,-7.02,0.0385,117.422,0.53,1,0,0
I Still Haven't Found What I'm Looking For - Remastered 2007,['U2'],1987,59,277480,0.0139,0.565,0.764,0.00488,0.079,-9.43,0.0351,100.891,0.686,1,1,0
You Keep Me Hangin On,['Kim Wilde'],1986,59,255220,0.0806,0.686,0.682,0.000155,0.14,-12.154,0.033,123.44,0.708,0,7,0
Billie Jean,['Michael Jackson'],1982,59,294227,0.0174,0.932,0.458,0.0432,0.0414,-9.62,0.054,117.004,0.885,0,11,0
You Can Leave Your Hat On,['Joe Cocker'],1986,59,255293,0.118,0.65,0.535,0.0,0.187,-13.325,0.0282,173.8,0.9,1,5,0
I Like It,['DeBarge'],1982,59,279400,0.446,0.675,0.733,1.8e-05,0.201,-4.5,0.0443,175.011,0.83,1,9,0
Back In The High Life Again,['Steve Winwood'],1986,59,335840,0.29,0.603,0.503,0.00128,0.135,-14.862,0.0379,168.512,0.647,1,2,0
Girls,['Beastie Boys'],1986,59,132707,0.777,0.873,0.808,0.0,0.357,-6.729,0.0466,139.676,0.933,0,0,0
Stand - Remastered,['R.E.M.'],1988,59,192960,0.397,0.653,0.738,0.0,0.0931,-10.057,0.0285,109.322,0.932,1,4,0
Through the Fire,['Chaka Khan'],1984,59,286693,0.166,0.569,0.589,6.91e-06,0.132,-7.395,0.0306,130.865,0.409,1,8,0
Last Christmas,['Wham!'],1984,59,262960,0.189,0.735,0.478,2.48e-06,0.355,-12.472,0.0293,107.682,0.947,1,2,0
Killed by Death,['Motörhead'],1984,59,278307,5.18e-05,0.378,0.953,0.000695,0.303,-4.969,0.0527,134.581,0.268,0,4,0
Toda Forma de Amor,['Lulu Santos'],1988,59,225760,0.113,0.674,0.833,8.82e-05,0.0957,-5.631,0.0363,137.905,0.827,1,9,0
Conga,['Miami Sound Machine'],1984,59,252933,0.141,0.782,0.874,0.0584,0.112,-7.157,0.0474,123.179,0.859,1,2,0
"Baby, Come To Me","['Patti Austin', 'James Ingram']",1981,59,215387,0.551,0.631,0.503,0.0,0.137,-12.083,0.0766,90.205,0.699,0,7,0
Keep Your Hands to Yourself,['The Georgia Satellites'],1986,59,208469,0.00259,0.57,0.882,0.000178,0.0875,-6.044,0.0524,114.88,0.844,1,2,0
On The Wings Of Love,['Jeffrey Osborne'],1982,59,241760,0.404,0.546,0.352,0.0,0.355,-12.066,0.032,69.199,0.39,1,7,0
Sledgehammer - 2012 Remaster,['Peter Gabriel'],1986,59,311986,0.044,0.641,0.682,0.0,0.0394,-7.561,0.0392,96.319,0.468,1,8,0
Old and Wise,['The Alan Parsons Project'],1982,59,295253,0.727,0.375,0.317,2.92e-05,0.123,-11.741,0.0315,112.003,0.12,0,0,0
Pride (In The Name Of Love) - Remastered 2009,['U2'],1984,59,228427,0.00135,0.458,0.843,0.000296,0.778,-7.201,0.0316,105.701,0.713,1,4,0
Ain't Even Done With The Night,['John Mellencamp'],1980,59,279067,0.201,0.791,0.7,0.000312,0.0562,-6.96,0.0297,120.741,0.8,1,11,0
Der Kommissar,['Falco'],1982,59,232588,0.0525,0.93,0.607,5.27e-06,0.039,-10.387,0.0457,118.242,0.95,1,7,0
Don't Know What To Say (Don't Know What To Do),['Ric Segreto'],1982,59,165400,0.584,0.673,0.365,0.0,0.12,-15.372,0.0451,135.447,0.297,1,2,0
The Boys Light Up - Remastered,['Australian Crawl'],1980,59,281467,0.0968,0.619,0.935,0.000172,0.307,-7.158,0.0358,97.894,0.704,1,7,0
Escuela de Calor,['Radio Futura'],1984,58,210840,0.12,0.702,0.804,0.0231,0.0294,-10.086,0.0331,121.998,0.961,1,2,0
Tükeneceğiz,['Sezen Aksu'],1984,58,259360,0.649,0.395,0.675,0.0,0.0963,-5.881,0.0472,177.053,0.496,0,1,0
Mr. Crowley,['Ozzy Osbourne'],1980,58,302640,0.204,0.286,0.758,0.000296,0.359,-6.482,0.0587,108.269,0.358,0,2,0
Let My Love Open The Door,['Pete Townshend'],1980,58,164653,0.365,0.651,0.653,0.000117,0.0742,-9.731,0.0545,164.912,0.729,1,0,0
"Cello Concerto in E Minor, Op.85 (1988 Digital Remaster): I. Adagio - Moderato","['Edward Elgar', 'Jacqueline du Pré', 'Sir John Barbirolli', 'London Symphony Orchestra']",1988,58,478573,0.944,0.148,0.0722,0.148,0.115,-25.217,0.0427,87.882,0.0467,0,4,0
Heaven - Remastered,"['The Rolling Stones', 'Bob Clearmountain']",1981,58,262400,0.222,0.617,0.459,0.0415,0.285,-9.292,0.0368,114.497,0.119,0,1,0
Under Pressure,"['Queen', 'David Bowie']",1982,58,245507,0.394,0.659,0.545,0.0,0.0859,-12.768,0.0514,113.458,0.406,1,2,0
The One That You Love,['Air Supply'],1981,58,259000,0.728,0.396,0.479,9.51e-06,0.102,-8.072,0.0268,109.973,0.184,1,5,0
A Good Heart,['Feargal Sharkey'],1985,58,281800,0.417,0.653,0.884,0.0,0.318,-10.224,0.0444,104.647,0.762,1,10,0
Cheap Wine - 2011 Remastered,['Cold Chisel'],1980,58,205132,0.164,0.681,0.889,0.0,0.207,-3.58,0.0374,123.661,0.833,1,0,0
Here I Am (Just When I Thought I Was Over You),['Air Supply'],1981,58,230400,0.534,0.344,0.466,1.61e-05,0.569,-8.453,0.0255,137.974,0.132,1,0,0
You Dropped A Bomb On Me,['The Gap Band'],1982,58,312907,0.00737,0.786,0.627,0.00186,0.181,-11.177,0.0339,126.461,0.831,1,9,0
I Don't Care Anymore - 2016 Remaster,['Phil Collins'],1982,58,305707,0.188,0.703,0.422,0.00311,0.0851,-8.297,0.0378,140.494,0.442,1,11,0
Don't Answer Me,['The Alan Parsons Project'],1984,58,251853,0.0717,0.615,0.783,0.000109,0.215,-8.716,0.0303,115.133,0.634,1,0,0
Do You Believe In Love,['Huey Lewis & The News'],1982,58,209000,0.0582,0.547,0.636,0.0,0.249,-10.948,0.0314,114.061,0.816,1,11,0
China In Your Hand - Single Version,"[""T'Pau""]",1987,58,249893,0.235,0.355,0.718,0.0,0.0694,-6.46,0.0388,139.387,0.253,1,11,0
Where Eagles Dare,"['Misfits', 'Glenn Danzig']",1986,58,128427,0.741,0.282,0.943,0.414,0.178,-7.746,0.121,182.381,0.15,1,2,0
On My Own,['Patti LaBelle'],1986,58,290840,0.337,0.62,0.402,6.13e-05,0.312,-12.964,0.0264,92.093,0.483,1,5,0
A View to a Kill,['Duran Duran'],1989,58,217693,0.0159,0.706,0.814,0.0,0.262,-5.405,0.0569,125.472,0.778,1,1,0
He Stopped Loving Her Today,['George Jones'],1987,58,195333,0.594,0.43,0.173,0.000111,0.224,-18.597,0.0321,72.103,0.365,1,8,0
I Won't Hold You Back,['TOTO'],1982,58,293307,0.404,0.539,0.306,0.0,0.0608,-15.067,0.0265,102.247,0.0637,0,0,0
Land of Confusion - 2007 Remaster,['Genesis'],1986,58,286840,0.0431,0.63,0.909,8.17e-05,0.23,-7.142,0.0388,115.189,0.811,1,1,0
Electric Blue,['ICEHOUSE'],1987,58,263680,0.0608,0.688,0.909,1.97e-06,0.1,-4.756,0.0354,109.673,0.641,1,10,0
Battery (Remastered),['Metallica'],1986,58,312360,0.000211,0.48,0.923,0.531,0.106,-8.793,0.0682,96.535,0.44,0,11,0
Dreams,['Van Halen'],1986,58,294000,0.223,0.455,0.758,2.51e-06,0.0986,-11.361,0.0454,141.304,0.54,1,0,0
"Adagio in E Major, K. 261","['Wolfgang Amadeus Mozart', 'Pinchas Zukerman', 'Saint Paul Chamber Orchestra']",1982,58,517360,0.969,0.194,0.079,0.498,0.126,-21.389,0.0425,100.309,0.082,1,4,0
No me importa nada,['Luz Casal'],1989,58,247680,0.447,0.564,0.804,0.000314,0.218,-4.848,0.0394,169.557,0.681,1,4,0
Lay It Down,['Ratt'],1985,58,205560,0.000402,0.442,0.759,0.0081,0.174,-13.475,0.0354,198.117,0.279,1,10,0
Like The Way I Do,['Melissa Etheridge'],1988,58,324333,0.0418,0.596,0.835,1.11e-05,0.059,-13.021,0.0418,101.359,0.637,0,2,0
Don't Lose My Number - 2016 Remaster,['Phil Collins'],1985,58,288547,0.168,0.585,0.832,5.09e-05,0.0634,-5.016,0.0814,80.614,0.952,0,5,0
"Training Montage - From ""Rocky IV"" Soundtrack",['Vince DiCola'],1985,58,219080,0.0145,0.578,0.748,0.723,0.11,-8.702,0.0546,81.107,0.345,1,7,0
Que Pais É Este,['Legião Urbana'],1987,58,178733,2.16e-05,0.436,0.711,0.142,0.0912,-12.769,0.0348,145.581,0.386,1,0,0
Thriller,['Michael Jackson'],1982,58,357800,0.0317,0.771,0.688,0.000222,0.89,-9.815,0.0696,118.388,0.782,1,11,0
Toy Soldiers,['Martika'],1988,58,287600,0.403,0.514,0.59,0.0,0.126,-6.405,0.0274,130.167,0.173,0,1,0
YYZ,['Rush'],1981,58,265840,0.00205,0.51,0.919,0.809,0.068,-8.244,0.0593,141.053,0.386,1,7,0
When You Say Nothing at All,['Keith Whitley'],1988,58,223733,0.691,0.666,0.296,3.73e-06,0.0552,-15.412,0.0247,80.006,0.392,1,3,0
Mary Had a Little Lamb,['Stevie Ray Vaughan'],1983,58,166960,0.0882,0.678,0.493,0.153,0.264,-13.782,0.0302,122.627,0.914,1,8,0
Dirty Old Town,['The Pogues'],1985,58,225426,0.256,0.511,0.464,4.2e-06,0.132,-10.765,0.0383,123.412,0.289,1,7,0
Love Shack - Edit,"[""The B-52's""]",1989,58,257520,0.142,0.701,0.792,1.28e-06,0.764,-8.644,0.0549,133.451,0.9,0,7,0
Get Down On It,['Kool & The Gang'],1981,58,293667,0.0753,0.847,0.389,1.2e-05,0.0471,-15.362,0.0569,111.52,0.968,0,9,0
"Kinderszenen, Op. 15: No. 7 in F Major, Träumerei","['Robert Schumann', 'Ivan Moravec']",1989,58,186840,0.995,0.5,0.0123,0.954,0.0748,-30.17,0.0712,130.128,0.313,1,5,0
"Vivaldi: Violin Concerto in E Major, RV 269, No. 1, Spring: I. Allegro","['Antonio Vivaldi', 'Nigel Kennedy', 'English Chamber Orchestra']",1989,58,187720,0.883,0.575,0.174,0.898,0.108,-14.423,0.0424,113.134,0.381,1,4,0
La Bestia Pop,['Patricio Rey y sus Redonditos de Ricota'],1985,58,247067,0.0506,0.641,0.677,0.112,0.0687,-10.142,0.0327,120.666,0.896,1,7,0
Diggin' Up Bones,['Randy Travis'],1986,58,178973,0.377,0.708,0.577,0.0,0.0718,-8.229,0.0261,85.667,0.836,1,0,0
Ask - 2011 Remaster,['The Smiths'],1987,58,198147,0.387,0.453,0.986,0.0,0.422,-5.768,0.119,166.594,0.455,1,7,0
Dangerous,['Roxette'],1988,58,228867,0.0485,0.712,0.898,7.76e-06,0.148,-4.893,0.0336,124.409,0.961,1,4,0
World-A-Reggae,['Ini Kamoze'],1984,58,230040,0.0105,0.863,0.457,0.000774,0.0978,-11.445,0.0601,73.724,0.382,0,6,0
Closer to Fine,['Indigo Girls'],1989,58,241600,0.368,0.54,0.677,0.0,0.224,-6.349,0.0286,98.339,0.748,1,9,0
Don't Come Around Here No More,['Tom Petty and the Heartbreakers'],1985,58,307333,0.00105,0.502,0.54,0.00849,0.243,-15.93,0.0318,160.531,0.922,1,10,0
Guitar Town,['Steve Earle'],1986,58,155267,0.229,0.661,0.496,0.0,0.0753,-15.53,0.0357,165.549,0.948,1,7,0
Kings of Metal,['Manowar'],1988,58,223867,0.000117,0.575,0.881,2.69e-05,0.147,-13.012,0.0357,132.127,0.699,1,9,0
Red Red Wine,['UB40'],1983,58,320933,0.00614,0.814,0.363,0.000177,0.101,-15.675,0.0644,89.157,0.842,1,1,0
An Ending (Ascent) - Remastered 2005,['Brian Eno'],1983,58,266200,0.932,0.257,0.0906,0.985,0.0786,-25.381,0.07,67.46,0.0451,1,8,0
I Will (Take You Forever),['Christopher Cross'],1988,58,239133,0.392,0.635,0.524,0.00309,0.104,-10.02,0.0278,128.103,0.318,1,9,0
Caruso,['Lucio Dalla'],1986,58,313000,0.759,0.413,0.142,3.19e-06,0.142,-15.019,0.0419,123.487,0.164,0,9,0
Institutionalized,['Suicidal Tendencies'],1983,58,229960,0.0404,0.358,0.804,0.0,0.111,-8.534,0.302,91.842,0.625,1,0,0
Place des grands hommes,['Patrick Bruel'],1989,58,268747,0.345,0.643,0.765,1.54e-06,0.126,-7.385,0.0317,130.582,0.602,1,9,0
Jump (For My Love),['The Pointer Sisters'],1983,58,267227,0.161,0.842,0.697,0.000101,0.583,-13.796,0.0654,134.533,0.916,0,10,0
Pictures of You - 2010 Remaster,['The Cure'],1989,58,448467,0.00371,0.484,0.776,0.109,0.131,-6.48,0.0312,171.935,0.495,1,9,0
You'll Accomp'ny Me,['Bob Seger'],1980,58,240227,0.0785,0.589,0.751,2.38e-06,0.0878,-5.663,0.0403,108.849,0.637,1,9,0
Turn Me Loose,['Loverboy'],1980,58,337933,0.0841,0.588,0.641,0.000663,0.303,-12.205,0.0312,119.374,0.548,1,5,0
Gabriel's Oboe,['Ennio Morricone'],1986,58,134133,0.96,0.233,0.195,0.914,0.0793,-17.202,0.0461,61.211,0.0675,1,2,0
Turn up the Radio,['Autograph'],1984,58,278507,0.0375,0.629,0.79,0.00034,0.13,-13.496,0.0429,110.295,0.428,1,2,0
Heaven and Hell - 2008 Remaster,['Black Sabbath'],1980,58,419933,0.0239,0.329,0.673,0.109,0.138,-8.465,0.0296,91.122,0.323,0,3,0
One More Try - Remastered,['George Michael'],1987,58,350667,0.434,0.551,0.291,3.78e-05,0.11,-12.544,0.0283,119.005,0.0823,1,5,0
Where The Streets Have No Name - Remastered,['U2'],1987,58,336613,0.0113,0.492,0.709,0.00564,0.153,-9.66,0.0359,125.799,0.264,1,2,0
Ogni volta,['Vasco Rossi'],1982,58,254013,0.0863,0.459,0.602,1.27e-05,0.145,-7.315,0.0297,145.343,0.159,1,9,0
The Heart Of The Matter,['Don Henley'],1989,58,322600,0.201,0.579,0.529,0.0,0.231,-11.548,0.025,88.156,0.38,1,2,0
Por Tu Maldito Amor,['Vicente Fernández'],1989,58,236480,0.772,0.53,0.292,0.0,0.31,-7.452,0.0342,82.586,0.393,1,9,0
In My Darkest Hour - Remastered 2004,['Megadeth'],1988,58,386600,8.66e-05,0.322,0.978,0.266,0.136,-5.446,0.131,112.878,0.271,1,9,0
Veneno en la Piel,['Radio Futura'],1984,58,225813,0.0361,0.67,0.858,0.000108,0.0783,-8.491,0.0261,139.478,0.971,1,2,0
Forever Young,['Rod Stewart'],1988,58,248000,0.0934,0.602,0.493,0.00251,0.28,-17.899,0.0279,101.941,0.505,1,4,0
La donna cannone,['Francesco De Gregori'],1983,58,279707,0.731,0.31,0.137,0.000254,0.429,-19.078,0.0369,140.13,0.112,1,0,0
Police Truck,['Dead Kennedys'],1987,58,144973,0.0627,0.207,0.967,6.32e-05,0.504,-5.381,0.0982,202.423,0.598,1,4,0
Wildflowers - 2015 Remaster,"['Dolly Parton', 'Linda Ronstadt', 'Emmylou Harris']",1987,58,216573,0.762,0.609,0.368,6.28e-06,0.335,-13.338,0.0294,90.373,0.618,1,10,0
The Next Time I Fall (with Amy Grant),"['Peter Cetera', 'Amy Grant']",1986,58,225973,0.488,0.656,0.347,0.00221,0.0645,-13.398,0.028,118.288,0.368,1,9,0
Entre Dos Aguas,['Paco de Lucía'],1981,58,365893,0.84,0.448,0.637,0.857,0.0774,-14.723,0.0355,102.891,0.92,0,4,0
Beautiful Boy (Darling Boy),['John Lennon'],1980,58,245693,0.733,0.574,0.469,1.96e-06,0.856,-11.53,0.0403,111.378,0.435,1,2,0
Everybody's Talkin',['Harry Nilsson'],1985,58,152227,0.46,0.496,0.368,7.54e-05,0.311,-15.194,0.0338,128.331,0.628,1,4,0
Para Machuchar Meu Coracao,"['Stan Getz', 'João Gilberto', 'Antônio Carlos Jobim']",1989,58,304827,0.962,0.612,0.156,0.0026,0.102,-15.823,0.0396,131.09,0.415,1,3,0
Something Happened on the Way to Heaven - 2016 Remaster,['Phil Collins'],1989,58,291587,0.184,0.656,0.88,0.00609,0.272,-4.137,0.0287,114.613,0.88,0,5,0
Jump (Original Mix),['The Pointer Sisters'],1983,58,262560,0.0867,0.846,0.826,0.0,0.12,-7.909,0.098,134.454,0.813,0,10,0
Stay on These Roads,['a-ha'],1988,58,284053,0.0329,0.572,0.51,0.103,0.163,-9.99,0.0308,103.973,0.188,1,5,0
South Of Heaven,['Slayer'],1988,58,298533,0.000132,0.31,0.991,0.085,0.0969,-3.769,0.316,140.071,0.0395,0,5,1
Who Can It Be Now?,['Men At Work'],1981,58,203267,0.0444,0.807,0.83,0.000358,0.0842,-4.04,0.0367,128.501,0.954,1,4,0
Still of the Night - 2018 Remaster,['Whitesnake'],1987,58,397768,0.00235,0.334,0.854,0.00114,0.158,-7.531,0.0494,100.175,0.284,0,4,0
Nuestro Sueño,['Grupo Niche'],1988,58,359227,0.675,0.685,0.801,0.00132,0.0906,-10.094,0.0329,90.23,0.738,0,7,0
A Love So Beautiful,['Michael Bolton'],1987,58,245827,0.186,0.268,0.361,0.000171,0.0972,-11.701,0.0263,61.299,0.0768,1,1,0
L'envie,['Johnny Hallyday'],1986,58,230427,0.0718,0.444,0.656,0.0,0.284,-9.294,0.0699,121.336,0.596,0,11,0
"Can't Get Enough Of Your Love, Babe",['Barry White'],1988,58,242573,0.175,0.771,0.659,0.0356,0.179,-12.311,0.0688,110.698,0.742,1,10,0
Smokin' In The Boys Room,['Mötley Crüe'],1985,58,208400,0.00175,0.391,0.938,1.09e-06,0.247,-4.86,0.0786,134.691,0.652,1,2,0
Corazón mágico,['Dyango'],1987,58,198000,0.243,0.639,0.36,1.35e-06,0.048,-12.725,0.03,114.004,0.559,1,4,0
Take My Breath Away,['Berlin'],1986,58,252000,0.188,0.478,0.609,0.0,0.47,-13.201,0.0275,96.149,0.579,1,6,0
Cama e Mesa - Versão Remasterizada,['Roberto Carlos'],1981,58,199413,0.158,0.699,0.354,0.0,0.0689,-16.487,0.0362,119.909,0.751,0,8,0
West End Girls - 2001 Remaster,['Pet Shop Boys'],1986,58,245360,0.0114,0.648,0.947,0.0567,0.105,-6.617,0.0369,113.255,0.602,0,4,0
Talk Dirty To Me,['Poison'],1986,58,223733,0.00853,0.491,0.957,0.000879,0.371,-3.67,0.096,158.067,0.635,1,11,0
Juanito Alimaña,"['Héctor Lavoe', 'Willie Colón']",1982,58,456960,0.76,0.688,0.795,8.01e-06,0.0484,-4.537,0.0415,90.698,0.921,0,7,0
It Had to Be You (Big Band and Vocals),"['Harry Connick, Jr.']",1989,58,158227,0.683,0.543,0.284,0.0,0.101,-13.205,0.051,125.558,0.409,1,5,0
Leave Me Alone - 2012 Remaster,['Michael Jackson'],1987,58,280360,0.393,0.85,0.957,0.00292,0.0764,-3.991,0.113,123.589,0.609,1,4,0
I Will Follow - Remastered 2008,['U2'],1980,58,217387,0.000347,0.36,0.909,3.28e-05,0.282,-6.827,0.0663,155.293,0.647,1,8,0
California Uber Alles,['Dead Kennedys'],1987,58,207040,0.176,0.317,0.885,0.000249,0.221,-4.768,0.144,111.366,0.704,1,8,0
Brilliant Disguise,['Bruce Springsteen'],1987,58,254840,0.152,0.703,0.726,1.45e-06,0.0319,-12.438,0.029,126.353,0.949,1,9,0
Menina Veneno,['Ritchie'],1983,58,281293,0.172,0.6,0.781,7.2e-05,0.336,-6.444,0.0305,124.512,0.746,0,8,0
Elle a les yeux revolver,['Marc Lavoine'],1985,58,219973,0.496,0.577,0.273,0.0,0.0914,-16.428,0.0499,79.995,0.547,1,5,0
If It Isn't Love,['New Edition'],1988,58,309840,0.0915,0.588,0.856,2.62e-05,0.365,-12.418,0.0378,97.968,0.781,0,5,0
Candy,['Cameo'],1986,58,339933,0.119,0.705,0.709,1.69e-05,0.286,-12.649,0.0489,110.522,0.853,0,11,0
Electric Eye,['Judas Priest'],1982,58,222440,0.000716,0.437,0.948,0.000261,0.146,-6.041,0.0554,96.72,0.361,0,4,0
El Amor Acaba,['José José'],1985,58,260027,0.811,0.568,0.309,1.66e-05,0.302,-15.871,0.0393,91.265,0.391,1,9,0
Fallen Angel - Remastered,['Poison'],1988,58,238200,0.00864,0.509,0.935,1.17e-06,0.255,-3.633,0.0493,148.062,0.501,1,6,0
Children's Story,['Slick Rick'],1988,58,242040,0.125,0.904,0.577,0.0,0.115,-7.293,0.132,102.691,0.7,1,1,1
New Sensation,['INXS'],1987,57,219813,0.0661,0.68,0.967,1.75e-06,0.0808,-2.771,0.0664,115.748,0.895,1,4,0
Corazón Delator - Remasterizado 2007,['Soda Stereo'],1988,57,312840,0.0643,0.565,0.632,0.221,0.397,-6.994,0.0274,85.317,0.355,0,4,0
Where Are You Now,['Nazareth'],1983,57,233853,0.316,0.474,0.508,0.0,0.166,-6.845,0.0235,77.31,0.358,0,6,0
Inocente Pobre Amigo,['Juan Gabriel'],1980,57,245133,0.321,0.481,0.28,1.76e-06,0.368,-12.48,0.0448,83.384,0.367,1,2,0
Vita spericolata,['Vasco Rossi'],1983,57,283467,0.694,0.501,0.508,0.0,0.108,-7.306,0.0277,109.408,0.276,1,0,0
Deseándote,['Frankie Ruiz'],1989,57,281187,0.492,0.559,0.838,0.0,0.179,-4.534,0.0484,95.519,0.927,0,5,0
Just Like Jesse James,['Cher'],1989,57,245733,0.17,0.4,0.563,0.0,0.133,-10.233,0.0307,138.006,0.442,1,8,0
Live to Tell,['Madonna'],1986,57,353000,0.411,0.673,0.314,0.0334,0.107,-14.156,0.0279,109.841,0.27,0,2,0
You Look So Good In Love,['George Strait'],1985,57,193400,0.435,0.642,0.233,0.0,0.105,-16.568,0.0298,114.495,0.333,1,9,0
Preso,['José José'],1981,57,226667,0.75,0.535,0.431,0.0,0.257,-8.319,0.0294,110.992,0.392,0,6,0
Alone Again,['Dokken'],1984,57,262200,0.0194,0.298,0.612,9.67e-05,0.0906,-9.002,0.0379,156.727,0.343,0,3,0
"Klarinettenkonzert A-Dur, K. 622: 2. Adagio (Jenseits von Afrika): II. Adagio","['Wolfgang Amadeus Mozart', 'David Shifrin', 'Mostly Mozart Orchestra', 'Gerard Schwarz']",1985,57,477733,0.967,0.122,0.0182,0.834,0.0735,-27.89,0.0383,77.59,0.0473,1,2,0
Who's Holding Donna Now?,['DeBarge'],1985,57,267733,0.423,0.658,0.334,2.21e-05,0.127,-14.648,0.0254,90.173,0.647,0,3,0
De Niña a Mujer,['Julio Iglesias'],1981,57,198200,0.702,0.43,0.25,0.0,0.383,-17.067,0.029,104.387,0.413,1,0,0
Te Amo - En vivo,['Franco De Vita'],1988,57,227200,0.814,0.629,0.278,0.0,0.102,-14.091,0.0338,119.502,0.379,1,0,0
Sina,['Djavan'],1982,57,332133,0.382,0.763,0.556,1.4e-05,0.262,-7.893,0.0353,103.925,0.909,1,9,0
My Prerogative,['Bobby Brown'],1988,57,291560,0.0655,0.762,0.625,0.0,0.252,-10.481,0.0562,110.163,0.696,1,9,0
On Broadway,['George Benson'],1981,57,316160,0.205,0.77,0.319,0.000151,0.0687,-17.098,0.0579,117.232,0.863,0,10,0
Love Buzz,['Nirvana'],1989,57,215203,3.31e-05,0.481,0.863,0.232,0.173,-8.286,0.0339,137.878,0.786,1,3,0
Olhar 43,['RPM'],1984,57,183907,0.395,0.686,0.663,5.39e-05,0.0506,-11.804,0.0473,82.052,0.96,1,3,0
Fisherman's Blues - 2006 Remaster,['The Waterboys'],1988,57,266667,0.0032,0.371,0.847,6.28e-06,0.107,-4.564,0.0803,137.97,0.62,0,9,0
New Year's Day - Single Edit - Remastered,['U2'],1983,57,235773,0.0033,0.53,0.783,0.0107,0.319,-6.768,0.0311,133.662,0.571,1,4,0
Atlantic City,['Bruce Springsteen'],1982,57,236653,0.311,0.475,0.429,0.0,0.376,-10.577,0.0367,108.034,0.34,1,4,0
Mi Buen Corazón,['Amanda Miguel'],1981,57,259109,0.614,0.452,0.335,0.0,0.144,-10.651,0.0288,109.514,0.192,1,0,0
White Wedding (Parts 1 And 2) - Shotgun Mix / 24-Bit Digitally Remastered 2001,['Billy Idol'],1985,57,505093,0.0175,0.672,0.792,0.0119,0.313,-6.436,0.0333,146.907,0.649,1,9,0
Demoliendo Hoteles,['Charly García'],1984,57,135973,0.00321,0.616,0.701,0.0,0.39,-8.467,0.0629,78.983,0.411,1,1,0
Geronimo's Cadillac,['Modern Talking'],1986,57,198493,0.428,0.695,0.785,0.0,0.473,-10.144,0.0518,110.382,0.723,0,5,0
